6.06790457751 0.217388031058
5.75887493142 0.223236600088
5.54422337036 0.283895657076
5.2961796486 0.407085849363
4.99995804718 0.568314299627
4.85876521414 0.656533122183
4.67500772912 0.687590482532
4.5382572126 0.6365189852
4.18896101829 0.510110760318
4.25840387219 0.278648569911
4.06744651664 0.000107533689376
3.93671083662 -0.186171385367
3.46317573208 -0.48389393257
3.41651651408 -0.308960367732
3.56080120171 -0.196083520637
3.66360815401 1.92247311514
3.9805850467 0.442970164337
4.48783571748 -0.76859731385
4.93759894041 -0.459914614571
5.14249062662 -0.475251326101
5.06260585366 -0.329910696715
4.91250649047 -0.274419934309
5.05982867014 -0.245305224225
5.06163232148 -0.116883039419
4.75912656291 0.132164977873
4.89116046318 0.355433012799
4.73479978963 0.541399293205
5.08156565374 0.636954039656
5.58532371939 0.632559812784
6.66255242476 -0.0805508890207
6.53568500965 -0.522313248789
6.15447157961 -0.848977729225
5.49936040151 0.92475079939
5.97888520197 0.930052913753
6.49774050678 0.887000220925
6.38716209737 0.759078683389
6.47486650453 0.554675315012
6.81834340706 0.373548317167
6.9952299068 0.138127626069
7.14269597441 -0.140245603047
6.96551181599 -0.591991776258
10.9624319852 -1.36298548729
12.7862714895 -0.00323396411866
13.143601978 0.559132876358
12.9964030935 0.906225622767
12.7202611082 1.06687863096
12.5203729426 1.01026758184
12.2121469738 0.760665568368
11.5163537458 0.446980944248
11.132672175 0.0264557230967
10.9619663292 -0.274600894469
11.1260624863 -0.370251376382
11.294747703 -0.30654168912
11.5053889538 -0.159805031767
11.6189318515 0.271244935308
11.1017625803 1.38351189486
10.4531137467 1.95013189542
9.7021845612 2.20989450992
8.97539023258 2.213954721
8.49815536869 1.93683170994
8.17429900544 1.6479021269
7.48018993206 1.39153583858
6.77165838782 1.19910083002
6.13525244636 0.959347081931
5.83203157201 0.652465781292
5.63663523636 0.456536523542
5.23295393531 0.296173909586
2.64270714821 0.0353109102694
7.78244592989 1.08171248007
7.30266249654 0.915984223521
6.90500125944 0.970215045827
6.83251154313 0.963816600369
6.56160973398 0.967951422854
6.4205393297 0.858839964188
6.10296833902 0.867517187816
5.95232088814 0.838373119105
5.90359624534 0.806394238672
5.96544610234 0.701405203377
5.77964738884 0.520024738711
5.71914549781 0.36870508169
4.94237087398 0.376657933105
4.91096303761 0.379625747809
4.66212905447 0.378418988079
4.73990510089 0.335311076806
3.77870440783 0.232752580988
3.64668260179 0.154256757989
3.56372884255 0.0154995186977
1.93528901565 -0.228656045825
3.50677148694 -0.166180870389
2.96394877611 -0.0480964885708
2.99578398605 0.0716912037898
3.17799661906 0.137019114155
3.58159245656 0.132537849856
4.0533440478 0.110418118505
3.36463782461 -1.07199595025
5.04390191005 2.05723410226
12.8880854447 -0.508003737339
13.2856476495 -0.44365858568
13.5950676536 -0.452159024322
14.1502108897 -0.300901721982
14.2961723454 0.196547189641
14.647016736 0.772529732303
14.6919112459 1.19301299298
14.6519584679 1.46126832738
14.2695865687 1.42930038096
13.6459711213 1.25200783321
12.8307958022 1.11061947442
12.0344000331 0.889642569667
11.1388444705 0.680904878887
10.5401943594 0.460983869792
6.69091283029 1.49733968517
6.66827433002 1.54696108273
6.89606104175 1.14050640911
7.22625952628 1.12133310942
7.66391538017 1.21751752198
8.85587787374 0.885343345199
8.96619075266 0.563407601454
10.5337152126 0.598728641799
10.4512751962 1.29078667906
10.5869422501 1.75190708358
10.8470125601 1.90146968478
7.45034583149 -0.264080265337
6.92669064069 -1.1966451889
6.21185736115 -2.4169624196
5.23632287229 -1.757008309
3.02832718391 1.62672197798
13.0859794842 -0.895128399425
12.5520373579 -1.45000643645
10.693443887 -2.28717039558
18.1562510423 -1.48087216477
19.0685712267 -1.24612253688
19.9115099259 -1.18116483134
20.7796863374 -1.23161333349
23.1682792159 0.216870656678
23.3101876495 0.716463596005
23.1903023781 1.01106639352
22.7365749187 0.79521703269
22.1665438631 0.55353786579
21.5273488289 0.395891771665
21.1189597444 0.344717491646
20.8213634743 0.49764941691
20.4174054659 1.01785205883
19.8939430048 1.48028429696
17.6442695067 2.17518708859
16.9310730266 2.24481658489
16.1435164749 1.99976940972
15.3345564033 1.62652548605
14.8909957845 1.28019299672
12.8272827373 0.540494218403
12.4701845329 0.296944865761
12.1150614717 0.284368106936
11.9837577414 0.687851561317
11.3405756858 1.33434866527
10.6461135602 1.96695917214
9.7321508511 2.56012735424
8.85846070788 2.96791293663
8.85350590333 3.04738328584
8.88966380147 2.78573453309
9.77338264972 2.38726092798
10.0452633156 1.6139038536
10.7756805061 -0.513960113082
10.8508202103 -0.115830652522
10.6174295206 0.450133444954
9.8958201107 0.911043399173
9.37397021083 1.17058815505
8.7375275063 1.24989638286
8.04073642165 1.82663238939
7.22433872666 0.914951852455
7.02511907252 0.56593859747
6.79364722051 -0.812212405544
7.09918667173 -0.440638117381
6.92137608412 -0.0671205442986
8.43624426521 0.426551742852
8.81236139039 0.43311652007
9.16361083868 0.304533421381
9.25471192289 0.214220321107
9.45067782493 0.16140388902
9.3654960407 0.143399917377
9.30926778718 0.0853195370873
9.10144557373 -0.0430056835253
8.99814060764 -0.197529862083
8.95402531208 -0.325466358515
8.67064938464 -0.413300018159
8.50204331922 -0.411356953853
8.4812082854 -0.306128948722
8.22285569504 -0.0877445280085
8.21596059652 0.0927390374196
7.97314695943 0.303618551
7.7525857914 0.455727553864
7.90604747026 0.690550713579
8.02145863173 0.565546867002
7.87131094841 0.226959954125
7.71663941302 -0.18870153386
7.78026785316 -0.486514370773
7.85721011257 -0.528175851129
7.98248620583 -0.33554531605
8.20733145339 -0.0319615455828
8.28157292284 0.417350970543
8.45756914681 0.842160867342
8.26922395098 1.12401644502
8.01790094449 1.21269160336
8.10066278038 1.19283397339
7.6511027807 0.0533366903765
7.60082191263 -0.0333613021736
7.39574719442 0.0382135679255
7.30394609322 0.535515275784
7.13479818732 1.17691759521
6.9993008128 1.6858029285
7.32626834231 1.83160137703
7.93168079831 1.56666076799
8.65862041603 1.18246471005
9.3641799127 1.1302870524
10.0352325804 1.14518384085
10.752946269 1.06417679865
11.6072724036 0.669847195645
12.0013001845 0.046598751054
12.228726434 -0.53819728558
11.9879573256 -1.85371418686
12.0325852004 -1.14533871472
12.3405393309 0.341600096324
12.5732252574 0.674831233749
12.523367473 0.922062303217
11.2065478006 0.818097243933
9.50983524547 -0.0384239683471
9.49482202629 -1.9734369266
8.44762237269 -2.23520779859
5.4253805639 -1.81660659226
