5.34598096557 0.610401499169
6.16164459052 0.929292859694
6.90953475376 1.24065337055
7.58611558503 1.43408249421
8.00927476372 0.591064935213
8.48518577004 1.42293616958
8.44330216216 1.67831750063
8.1673632535 1.69828514058
7.69861200977 1.33896091754
7.54037353377 0.820248655092
7.03018614975 0.244741485304
6.73665785949 -0.316691612603
6.26713309577 -0.77157402197
5.77088078579 -1.22775568273
5.3269504172 -1.45247380845
5.08838706754 -1.24227741036
4.91988345627 -0.59178162232
5.26280796941 0.136667321118
5.48034726592 0.866949066119
5.47164576295 1.53727437177
5.40528002425 2.0168390061
5.44548879337 2.09962646996
6.61520307024 1.99962187101
6.83369886506 1.74888953932
6.78028674172 1.23782183
6.93603612338 0.582038358116
6.64515719964 -0.0110821289784
5.03476476087 -0.613763465694
4.47150094623 -0.874692855968
3.83582340488 -0.988638018482
3.32802282801 -0.866181096338
2.85507222213 -0.540785701382
2.67594128596 -0.0173341087871
3.08064812902 0.647709593045
3.48092298513 1.1555720901
3.74889659819 1.63140895466
4.47079589751 2.04220043199
5.24996572081 2.25358811803
5.97102993798 2.10286322782
6.50603522498 2.0114066485
7.08849492466 1.82961543992
7.52004147509 1.5677126439
7.66679785144 1.23166184958
7.54459721013 0.729314130185
7.59789875176 0.080467506442
7.28060509736 -0.495243327544
6.71756144327 -0.950718141385
6.07389250907 -1.15431442257
5.25983583485 -1.08265185775
4.36775785791 -0.775996497164
4.03736472096 -0.111129398329
4.31619458897 0.574844685634
5.00047928051 1.19935139721
5.96976000478 1.60067810975
6.96156480949 1.68412539674
7.73893221942 2.50925260928
8.40679060092 1.54195062015
8.67896771388 1.17796513458
8.30016527495 0.734448880618
7.9250264936 0.378609141037
7.45813731103 -0.926609168444
7.13636631326 -1.48523817245
6.42733526589 -0.919851399123
5.93132222014 -0.915623760746
5.1118211589 0.359462820399
4.94536283738 0.00682983083859
5.43931393166 1.24729221105
6.24727195119 0.727718777412
6.96344417536 0.623740010198
7.12343667656 0.317139984489
7.46364465254 -2.37864411694
7.37921044828 -1.67420004623
6.74043196442 -1.92650519598
5.85269908343 -2.24893206158
5.01770405066 -2.25363793556
4.46858355897 -1.34805495533
4.11666343593 -2.00279753652
3.83479727883 -1.95983817008
3.87773155775 -1.82119728683
4.39832237884 -1.43739077188
5.58217653044 -0.763503505043
6.28931066475 -0.0853066000944
6.67765076819 0.604102965517
6.82182788173 1.11492411853
6.57470050932 1.31481887753
6.57460262632 1.21980872397
6.80117928557 0.933448953511
7.55261623423 0.534053299959
8.08784832022 -0.0847168594337
8.22264331441 -0.785133276442
7.50745437347 -1.36270342311
6.09625642979 -1.72244912602
4.57312972969 -1.93771857146
3.08746854107 -1.88773433291
2.12609761746 -1.56411749403
1.85108370908 -1.13245370282
2.36180176887 -0.737498331659
3.07638528781 -0.447476681744
3.79666752979 -0.198553577657
4.29164340072 -0.105291860843
4.73533890162 -0.227039734182
5.14112575252 -0.479138843248
5.71662068588 -0.771721865004
6.65149002834 -1.09749102139
7.4429808778 -1.50367990926
8.29190364797 -2.05829807251
8.76981528889 -2.44376356451
9.32859239025 -2.73895969196
9.52556819594 -2.87102236854
10.0759202308 -2.47364243711
10.7331305117 -1.60964986528
11.3388061138 -0.662970673068
12.0316325853 0.198579402164
12.2407442991 0.832006587205
12.1638779305 1.07960310811
11.6704223479 0.997962511152
11.5284282262 0.575068311062
11.506587335 0.052447794878
11.8144193371 -0.504399691463
11.9384735535 -1.23170732064
12.1597349057 -1.60033043226
12.4121115895 -1.8315038278
12.8164525027 -1.91278455542
12.664178919 -2.83106188066
12.4442793368 -1.73975970165
11.7576151649 -1.37199344799
11.2931147732 -1.00067121772
10.7115068067 0.313663126783
10.3646032596 -0.176498918193
10.2063254371 -0.245627494141
9.91557789791 -1.65987295016
9.38036718884 -1.43278562052
8.62242169369 -1.55006456045
7.61416680706 -1.26695053321
6.83335380144 0.163011812284
6.60051303396 -0.0986024759866
6.57605315389 0.231279663872
