4.97448610423 0.175633457089
4.64768304833 0.164517499777
4.52175166151 0.164276610177
4.24999855033 0.252937629708
3.99457478878 0.407935636548
3.69978151085 0.537581016448
3.61515295961 0.57483149886
3.40235650683 0.517210120129
3.07484909367 0.430691163026
2.95946101049 0.231284867324
2.97263735279 0.012278083678
2.85162002251 -0.197513790538
2.60718490536 -1.20490116707
3.46317573208 -0.489731845261
3.41651651408 -0.309812107715
3.56080120171 -0.204555647042
3.66360815401 1.92004172938
3.9805850467 0.433224088317
4.48783571748 -0.767783213459
4.93759894041 -0.453087737768
5.14249062662 -0.474255298199
5.06260585366 -0.330212584947
4.91250649047 -0.280873942535
5.05982867014 -0.259812122563
5.06163232148 -0.12540953069
4.75912656291 0.104088574936
4.89116046318 0.340007483307
4.73479978963 0.533335051113
5.08156565374 0.635777482591
5.58532371939 0.632388155422
6.66255242476 -0.0676171115694
6.53568500965 -0.515656030823
6.15447157961 -0.853820141883
5.49936040151 0.924465653698
5.97888520197 0.908545387857
7.32666521541 0.953328429384
6.47469810874 0.55269881102
6.81834142826 0.380117119192
6.99522988364 0.153843823913
7.14269597414 -0.114697890008
6.96551181598 -0.562773630764
10.9624319852 -1.35872329274
12.7862714895 -0.00261211831551
13.143601978 0.559223602438
12.9964030935 0.884772935823
12.7202611082 1.06210896806
12.5203729426 1.00375800973
12.2121469738 0.759715834597
11.5163537458 0.446842379958
11.132672175 0.0264355068393
10.9619663292 -0.274603843982
11.1260624863 -0.37025180671
11.294747703 -0.313846128719
11.5053889538 -0.165790009324
11.6189318515 0.262023879633
11.1017625803 1.36979384121
10.4531137467 1.94813045837
9.7021845612 2.20677019481
8.97539023258 2.21349888957
8.49815536869 1.93676520503
8.17429900544 1.64789242396
7.48018993206 1.39779531735
6.77165838782 1.19941780001
6.13525244636 0.959393327229
5.83203157201 0.65247252839
5.63663523636 0.46011516188
5.23295393531 0.296696025883
2.64270714821 0.0316371887834
