4.50129975734
4.47049607272
4.53893882372
4.58746262589
4.56911182526
4.49685492002
4.66714125318
4.86774042432
4.9469816487
4.48182281483
4.83190813918
5.1693672062
5.24916325231
4.64111852084
5.12302128107
4.78018189688
4.89137427759
4.90658187132
5.07852796024
5.3250889671
5.23038689424
5.38383817597
4.83425703337
4.95461084881
5.06866155132
5.0282154026
5.39460908657
4.87602178724
5.15541293145
5.38763927175
5.50245457576
4.65998681723
4.59701680281
4.73542147439
4.85284969649
5.00780792525
5.19947842144
5.37367107114
5.67686275832
5.67686275832
5.67686275832
5.21433613103
5.09441399446
5.26913204937
5.16465937925
5.25592176022
5.38559226691
5.17257509255
5.32768874556
5.36068194955
5.47305918672
5.53153963858
5.42158711045
5.41947092662
5.57450012251
5.64452898125
5.64699951753
5.80056458066
5.87057808514
5.71095217919
5.81523443708
5.90688731785
6.01980035116
6.06095687884
5.94109533638
6.39592380663
6.48354346191
6.41193307905
6.62389910437
6.7425411833
6.85608109952
6.43252681767
6.65374591716
6.48235275418
6.8346266287
7.01033419392
6.17894187942
6.05287357554
6.36516534513
6.34530176115
6.20685141518
5.96391495071
6.53372821302
6.02665061924
6.0821870961
6.1296701635
6.46779333878
6.53472773953
6.12388047283
6.13095104557
6.6203715786
6.58395101076
6.66057502197
6.74515223117
6.2124497733
6.48941997677
6.57378137444
6.58072295226
6.72553905952
6.73842290776
6.82854172651
6.86332424965
6.90236475687
6.84032667921
6.90279684721
6.95453519436
7.07297639938
7.15576468397
7.27760186139
7.3352174794
7.54532915389
7.70401416656
7.9033944442
8.01040821806
8.38278859327
8.30814941285
5.45850790232
5.78066444206
6.09576872074
5.51898811037
5.51898811037
5.68435655023
4.84494160954
4.50801951711
4.01460477254
5.10418094958
5.33210801637
5.33182476778
4.91902912279
5.25923693371
5.39280208928
5.44580416043
5.4205517888
5.42650269101
5.51602690053
5.38205103692
5.59230803494
5.62140582993
5.63174011295
5.65343801512
5.69147726001
5.79762915234
5.95560839734
5.98096513129
5.96951519895
6.01059742002
6.01561750701
5.98364731583
5.89799664207
5.89407139992
5.89986600448
6.13151953631
5.95058836161
6.03341281061
5.82462530468
5.84650256041
5.77389067392
5.77028858752
5.77206873203
5.70145458917
5.70141820338
5.70205518315
5.68001196086
5.63469934714
5.69362139655
5.65756145446
5.50642993512
5.52518130632
5.58171784643
5.5677774652
5.80938925996
5.90712551445
6.12099738034
5.45219197193
5.64574784413
5.7405541103
5.91815555793
6.01652831701
6.24030427698
5.456162089
5.1411498765
5.28312792575
5.54762617415
5.27576240265
5.33548298812
5.12412144154
5.31746411716
5.24050877569
4.97958125589
5.1800118829
4.96272167975
5.10287952711
4.98427585356
5.03983564012
4.7540264499
4.79196527751
4.81216229846
4.55070276555
4.69589479637
4.63795014495
4.49219226756
4.4030931765
4.47339436398
4.52129941856
4.45696015555
4.41302117162
4.52483841779
4.63724274312
4.42925042202
4.49911123125
4.55029413377
4.43551479642
4.54928831949
4.69347272402
4.86899225303
4.72376296053
4.77978400175
4.82850306392
4.93906848016
4.99643813123
5.11759697872
5.03435031309
5.10512593383
5.26837646511
5.35846930262
5.41261401933
5.29800166818
5.46583218311
5.38146735191
5.45358476859
5.64709992518
5.56812352155
5.42026949026
5.35868643137
5.4413337574
5.40981331566
5.38606435972
5.46885496569
5.37788647871
5.53593805338
5.48852148558
5.5056354687
5.43883877818
5.48302178246
5.46416718476
5.46673439632
5.62219475006
5.58296563146
5.46493108508
5.46492319694
5.49511180156
5.54051126928
5.6316984889
5.57417588491
5.47103870944
5.49254975242
5.58594221193
5.5023999867
5.59246256679
5.54301643109
5.53322736391
5.61273337226
5.58986751422
5.42361927546
5.84125344356
5.88884862922
5.73349179063
5.50094256627
5.48874997476
5.41928264343
6.16411788264
6.06577410079
5.7246301214
5.56672570565
6.08231638061
6.01096728123
5.74581758064
5.61219152848
5.44133709502
5.34165041442
5.1148069497
5.04812385536
4.73961693425
4.62841729322
5.82274450686
5.87929109032
5.65962104504
5.72526000358
6.09226420637
6.1490180133
6.2465989344
6.2465989344
6.01279280697
6.05515876788
5.83024781188
5.77977055389
5.72431098111
5.73465887185
5.91763586495
5.85391681506
5.51033763913
6.27410715684
6.27410715684
6.43197407883
7.10640265425
7.09722474825
5.98495433739
5.92814300146
6.10431554701
6.59303824054
6.29217557759
5.55425681226
6.23856424048
5.70707216787
5.81366184
6.05488184046
5.94447132568
5.94883724703
6.11874069479
6.34118615967
6.62675330244
6.05444887533
6.33317601744
6.36509938099
6.45420854628
6.42873992372
6.47423987627
5.80605249285
5.65218232668
5.6915550544
5.85245886294
5.56620954928
5.80814777114
5.94988250969
5.67736693806
5.86667294581
6.14824618722
6.3575035163
6.64137702174
6.8103753618
7.083539167
7.20592117276
7.37355407092
5.30105912647
5.16796345719
5.15462617651
5.17726171068
5.09144589308
4.98219457421
5.52241069989
5.70006870264
5.20330343465
4.81644568164
5.11226779082
4.98210373937
4.43338108281
4.77450989344
4.66865456231
4.46227029531
4.34839143609
4.1447722326
4.49656717672
4.27328854037
3.97697872096
4.39853686446
4.18669997921
4.61375525037
4.55176677763
4.62907979468
4.74709010872
4.62390698266
4.84769867119
4.85441854043
4.75164952433
5.07531350602
5.13264964312
5.25631448427
5.22804656841
5.37202234929
5.33883577411
5.51486843822
5.65628248321
5.56595741211
5.59199900435
5.70015545263
5.72550436016
5.70178205233
5.67683757892
5.63983253928
5.64000357531
5.56592379758
5.48245190398
5.29588412561
5.22945198519
5.21517509945
5.04690532289
4.88562248363
4.77133024128
4.49568192465
4.62648250483
4.4322664959
4.42218177013
4.03774632755
3.93402936266
3.65302781355
3.57931132826
3.59262996791
3.47313950436
3.48415016016
3.49876927512
3.55368386477
3.61368413585
3.63707818871
3.64551036692
3.85850677438
3.98368485695
4.06753630352
4.23317337897
4.51807537182
4.56247991773
4.7629392904
5.08570700875
5.17875748922
5.41504380857
5.81536832022
5.71731323218
5.8625595976
5.91017066703
6.16162114396
6.36632490542
6.65938992353
6.58051047957
6.77914787246
6.83126387486
6.73434669933
6.76309708295
7.24259365657
7.22958982405
7.29756475903
7.36290997865
7.29296893783
7.46338262109
7.37676363678
7.29322116769
7.36882276212
7.47716145241
7.27759374923
7.04631329286
7.6949280763
7.53492605846
7.53736034852
7.60321323786
7.34606666578
7.22860036826
7.51977181372
7.83697037598
7.70305457633
7.63522453229
7.67858095781
7.96177500892
9.91763829245
10.0754618021
10.5500337042
10.4181207139
10.5126931917
10.5061714297
10.4997267732
10.5253173161
10.5999260872
10.5493292246
10.5159828273
10.4895618161
10.3274054131
10.1991292898
10.1520925066
10.215308778
10.1243952514
10.089145253
10.1339330691
10.1026551884
9.99850100784
10.1612005547
10.2768998571
10.367216486
10.2779469409
10.0310115325
10.1473045717
10.2125053165
9.62194838971
9.81932319056
10.0273378938
9.58508456004
9.58224435279
9.54462895816
9.51600493601
9.41621035539
9.32627027515
9.35572108292
9.27540916593
9.14874081362
9.2186705786
9.69617251451
9.383653946
9.33932760239
9.13212560883
9.48070936958
9.02188507775
9.05585953444
9.25646681797
9.34441674674
9.30040287322
9.16665488446
9.26879381945
9.42818099782
9.20258030493
9.28242370352
9.37539654065
9.41178969995
9.48097161119
9.54793650798
9.63888433165
9.67280142669
9.78272792581
9.84866323646
9.93176192568
10.0253529749
10.1217647721
10.1660628418
10.3586527196
10.386185165
10.5246348332
10.4964142244
10.6415566474
10.638277423
10.7644027212
10.762507762
10.8568413423
10.9265413667
10.9767175065
11.0699319125
11.0681419809
11.0585722392
11.0564054418
11.1150267334
11.2418881682
11.1770064584
11.1245937524
11.0804148448
11.0816973317
11.0682959032
11.0538897108
11.0048368634
10.9385575002
10.9088765062
10.7844684008
10.8445279455
10.6043853454
10.5211001543
10.4590412422
10.3504426152
10.0545539523
9.98812059457
9.77142858142
9.75966737522
9.71715668263
9.38794184231
9.49184835178
9.39946218782
9.29370512545
9.05399816645
9.00135549679
8.81077783749
8.9205382306
8.75532308102
8.63180993962
8.65045692001
8.36670735151
8.29087630764
7.93597279976
8.10334416318
7.95478993108
8.00360632456
7.86223888988
7.77538358319
7.62427511188
7.55105693897
7.71188735577
7.60516841597
7.75873046082
7.67478884317
7.40752473262
7.44488991568
7.36905035583
7.4535522021
7.30462961107
7.14284771235
7.19842908469
7.07736381432
6.95199224785
7.06486625151
6.97032539763
6.88037361865
6.81396641727
6.78784719518
6.58005499472
6.66985719631
6.64745835931
6.63008492628
6.60048646846
6.74286556501
6.57037338053
6.53262898957
6.56460999839
6.35756394679
6.32849565128
6.45328355146
6.32887238739
6.39661222958
6.42860443175
6.48381219903
6.20433608086
6.15080183561
6.04016984372
6.04010404046
6.08271609977
6.00937363109
5.98674422038
5.99476937974
5.997613713
5.94414550271
5.82107642479
5.82917552049
5.80507078504
5.80730247877
5.78458237121
5.72239552991
5.73446025634
5.71347829615
5.58349008018
5.61770066392
5.67305331226
5.58671281683
5.45791268021
5.49725677359
5.48094940863
5.55274689518
5.34975177315
5.39411437397
5.49953313129
5.32370100688
5.26394991322
5.29552103
5.11410344101
5.07356616941
5.25652981482
5.12328914799
5.1056531845
5.27846131596
5.05773021633
5.04365117849
5.12709045432
5.0408009299
5.08024976677
5.03261514026
4.95722277661
4.86421768322
5.11491237601
4.84972090267
4.92446704435
4.87386300684
4.79678992251
5.02559037574
4.80469583427
4.83938543301
4.78469090897
4.57597969405
5.32779904184
5.38115797318
5.26612149112
5.19015082212
5.63208898319
4.96357464842
5.33518295717
5.607052672
5.20387512882
5.47070884688
5.78344838564
5.29789038365
5.59800798016
5.38285569049
5.95631733421
5.84261260173
5.4187748579
5.4187748579
5.47764811135
5.81327055281
5.8868913166
5.91011215281
5.92995670924
5.79828887078
5.88858992689
5.9362999949
6.00185436874
5.97760806518
6.21808618675
6.3277964273
6.55929767747
5.93411778381
6.14952194854
6.31726793155
6.53489421848
5.87826384092
5.85541244966
5.84001728096
5.82570055958
5.76833848279
5.79877307868
5.9663315719
6.21017486728
6.33183186681
6.60434393774
6.75575093224
5.62248264
5.78407025284
5.4299809517
5.42883840975
5.40566449185
5.17686492585
5.49701545331
5.36452254101
5.56595897541
5.49736677385
5.81790377798
5.59523257968
5.519161891
5.75956735757
5.72213619995
5.71737190115
5.84561069858
5.941826373
5.87103855742
5.87143572921
6.07798055089
6.10806777175
6.23426928522
6.36359757983
6.56167715285
6.50723862904
6.6889039552
6.78264162904
6.93705455745
6.63496904891
6.80680540542
6.76412253905
6.79122992857
6.82128682719
6.86006993875
6.83384076632
6.93784277439
6.91132403724
6.95808581462
6.86446462113
7.03134913678
6.99656678463
6.98348369318
7.01954981576
6.91308341081
6.9681640981
6.95564314045
6.85380339456
6.89312142798
6.84771301165
6.82429785366
6.77830529044
6.80597220713
6.77906095274
6.86737315856
6.83730784671
6.94743536774
6.93922992486
7.07885128014
7.04239646635
7.05930977047
7.03374146851
7.27133705264
7.26102413489
7.54425243016
7.3670739938
7.62280216905
7.66163526883
7.72316112658
7.73267464712
7.9387334101
8.00222754661
8.08520424882
8.13531210546
8.27017735333
8.61630683478
8.34996254244
8.24112442096
8.46986689377
8.45617802049
8.51149272441
8.4486258423
8.45076998729
8.50911695958
8.32544239062
8.05730997418
8.32353534415
8.2928411463
8.26081798813
8.29808762789
8.29468952435
8.2827344932
8.22338009781
8.22766005796
8.2458783067
8.19703847614
8.25453669728
8.44297585331
8.33870868544
8.46828785197
8.43393635649
8.52922811002
8.681851418
8.7654240799
8.83671993545
8.81893567692
9.0181181493
9.08100406027
9.2018812453
9.2909526999
9.37951406028
9.53320567023
9.49489067197
9.57563159019
9.73651751784
9.74136993989
9.65841493143
9.76159660098
9.66724829903
9.70557001219
9.81172302227
9.80577630109
9.95647381126
9.69373114622
9.75388713905
9.84497455701
9.89038564554
9.74596629788
9.92677719643
9.67299682668
9.73652424661
9.65682632617
9.41409683096
9.65732789019
9.73845295836
9.74761175652
9.9518515632
9.75096504084
9.66030613107
9.70286450724
9.81953586035
9.71306669234
9.97738910836
10.1450741562
10.0760003034
10.2632135141
10.352150156
10.4146158946
10.6711649497
10.7111552021
11.0245635592
11.0686022272
11.4009965838
11.5365310822
11.7351222864
11.8521154522
12.1992009685
12.2764147649
12.4776806135
12.5787739123
12.8281482046
13.0675228824
13.0593906889
13.1634616605
13.3614506483
13.5367767295
13.6367797455
13.802977018
13.9789809618
14.0463375094
14.2082120207
14.2801199775
14.2821590375
14.2736757986
14.3576158826
14.3610538122
14.4145343909
14.3049100199
14.5264451036
14.5792688787
14.6883037659
14.9565043537
14.8657753228
14.864190945
14.9327590532
14.8971852087
15.0939641675
15.0216447788
15.2595795718
15.4873342508
15.0011511434
15.1250197188
14.9148901557
14.9148901557
15.0806153239
14.9848821128
14.8815800626
14.7972923791
14.8814615872
14.8517622048
14.9836195194
14.8284050551
14.8425038422
15.001843247
14.8156083427
14.6402002135
14.6982928876
14.7372836369
14.9876256014
14.9678451253
15.0803058369
15.1010074478
15.1394956887
15.0300456702
15.2104629923
15.1282264274
15.2072302345
15.1479464733
15.0080595038
15.0156431798
15.1459024586
15.0440405918
14.8503632125
14.9672604302
14.8610550532
14.9068247357
14.8405316196
14.8514842605
14.7811918432
15.0004561025
14.8170345749
14.7472846574
14.2327681609
14.2767437927
14.2111141568
14.1088581263
13.9906043771
13.9819292981
13.8630832587
14.1588370934
13.9703690836
13.8164042533
13.8660001632
13.9011113394
13.7677245416
13.8023654951
13.9063658503
13.8685960334
13.5958526153
13.775701502
13.6408207464
13.8454722978
13.6072770166
13.6957962448
13.5855254247
13.3165666611
13.6211219553
13.4884331657
13.3827437585
13.4531753477
13.3381691518
13.1753425543
13.2054472645
13.0720440187
13.0477153754
12.7755959899
12.6957066155
12.5483423402
12.4608879472
12.3161760366
12.2640291635
12.1037237444
12.052366485
11.8866116876
11.8050842294
11.594603514
11.5453203213
11.3053044119
11.2181572721
11.0681232879
10.8919287385
10.7492809047
10.6616267523
10.6421002258
10.463201775
10.1080505164
10.0992730525
10.0521589532
10.0416892402
9.64121208074
9.62471621028
9.56910628637
9.44824546729
9.20626645868
9.14540062591
8.86603938162
8.96187341137
9.02692543296
8.83153972712
8.4591424566
8.42219074697
8.48130688819
8.58420225007
8.33595870788
8.34668967916
8.01389211191
7.93941793877
7.69639755859
7.94872040173
7.89274357071
7.6843335679
7.67652564499
7.53776330816
7.5384384574
7.57648090433
7.24582008524
7.30609304609
7.06216209852
7.03273130196
6.9620128354
7.02951443941
7.4595695842
6.98699230771
6.63934117872
7.32718958605
7.09204952663
6.83291435189
6.42419852936
6.62324532125
6.48344423245
6.37493298553
6.33670759172
6.30171831719
6.33170755047
6.32214907322
5.96917885172
5.83658970498
5.78188277392
6.26574320438
6.23304898227
5.74698205724
5.50244955476
5.36391279082
5.40767661063
5.39772871351
5.29950741577
5.2920542251
5.28072469864
5.17738174329
5.06501634404
5.10268315425
5.06096079266
5.03280442333
4.97967527349
4.98458200262
5.09737441371
5.12901555728
4.87930600429
4.91198581538
4.84379338088
4.80908104826
4.78765715808
4.74270139736
4.75925562029
4.75623173039
4.7711917954
4.7409233377
4.73160208863
4.78427282616
4.66532743179
4.7430606217
4.6295681245
4.79644429479
4.65939847871
4.63365739669
4.80857117731
4.65533391024
4.53276635797
4.59976580339
4.44846037111
4.6437607425
4.80132309535
4.73223332539
4.6039334087
4.64189806788
4.70946255509
4.8008728732
4.84490383913
4.74849270412
4.83588601991
4.93509187771
4.65185473717
4.67550060745
4.67460090173
4.76037747733
4.6309210852
4.60010379863
4.66615847482
4.62559963681
4.61581284589
4.59243609746
4.55573905688
4.65298499038
4.78926528612
4.80703666391
4.64792660696
4.56346080752
4.62570170094
4.75687244377
4.68737574962
4.72497464637
4.65905649426
4.67136999194
4.70618560858
4.66446686824
4.7785959356
4.59540335042
4.53357083499
4.77829660573
4.61559316172
4.4959288976
4.48567785866
4.51105722246
4.34106449821
4.06886266701
4.48204082377
4.52362488152
4.31039778972
4.37082770269
4.33504433711
4.46370060765
4.4198129783
4.24050599966
4.16472723323
4.3248156909
4.13318838578
4.30090928974
4.29185487582
4.17441082046
4.56173031253
4.30975897076
4.18808696434
4.2511337592
4.10152207985
4.22210949902
4.38153954334
4.31859170683
4.17288488049
4.25137561539
4.51262601784
4.42984645451
4.25853881078
4.43150858724
4.63198094437
4.41954942045
4.47725076484
4.10867004223
4.49610632994
4.62699841963
4.77688966928
4.93478001698
4.47655085915
4.49657089438
4.6141784705
4.64652203355
4.52813810116
4.51608940591
4.73188769022
4.87504135012
4.81009662573
4.98225786668
5.21326599824
4.92330870338
4.63334082969
4.75346084612
4.88725951725
4.57803864343
4.84544068428
4.95255894225
4.95268888215
4.81856960109
4.82168220678
4.896810915
4.95379669509
4.66245217725
4.72805082922
4.78680311898
5.00855124104
5.02576614626
4.76034520637
4.71398634422
4.83406819033
4.879285063
4.67510041582
4.73766514965
4.66390834076
4.6960222073
4.61456240247
4.6482592091
4.75620428217
4.56876912705
4.64660258987
4.55444478662
4.52711588933
4.53161997929
4.61886877184
4.48057237035
4.49810148305
4.54394921568
4.5240499182
4.49518234167
4.50928071943
4.48286283544
4.44852393305
4.37615617245
4.41377429863
4.42165064448
4.38755711314
4.33462082941
4.37552892804
4.34384080562
4.29416802674
4.51753756634
4.38471487956
4.37842164833
4.41248253178
4.425994819
4.30853770619
4.27562789133
4.30859307638
4.38523119514
4.38330418308
4.26815810005
4.33349185233
4.67891922056
4.68502687641
4.38654379183
4.34028128359
4.44269819362
4.42733353118
4.71031203912
4.77282045887
4.61984064662
4.77903155946
4.56611798676
4.54313887921
4.69159033864
4.62870293022
4.71327281625
4.45386828865
4.63734570996
4.8888782622
4.57530398975
4.59798859235
4.66780492729
4.83578712809
4.68673805494
4.64307270882
4.56477120708
4.76415673267
4.53907011311
4.65398650204
5.04207018636
5.15967386098
5.15071627975
5.31287960939
5.34358158414
5.75714383795
5.73369502691
4.61499597147
4.99291251568
4.35146784964
4.28562662218
4.93418965491
4.92934246306
4.297989609
4.58106859941
4.09590916054
4.43384352243
4.5404640137
4.51493858631
4.13613604411
4.30474763879
4.11386833869
4.10119701921
4.21452722523
4.10064821186
3.88420166887
3.97262731002
3.90336997296
3.94486531033
3.86244591814
3.94551711883
4.14473282298
4.19833354747
4.49630143109
3.74912550327
3.96881055569
3.81493384232
3.98847318857
3.79665473103
3.82156552114
3.97512680039
4.13222014893
3.9122415792
4.05931649448
4.04430066383
4.32871169266
4.13642190473
4.38311907947
4.32576871501
4.28161844764
4.4027105056
4.45819304012
4.1718264496
4.08174731948
4.21351447008
4.02417640115
3.96211917809
3.9255764021
4.13719668653
3.92368778666
3.83677406165
3.52456393584
3.39960829499
3.27733517879
3.28128627168
3.53966858724
3.34594460095
2.98533532362
2.89532349412
2.77279841865
2.76780348954
2.70670794653
2.65557139929
2.721836103
2.65688154201
2.66034214892
2.80142097051
2.95657723494
3.08826192929
3.14858182266
3.26174627671
3.589639653
3.62267315972
3.81875297255
3.94805448456
4.07409508085
4.23788201224
4.51434905772
4.64690570598
4.82361762973
4.99571657365
5.22356048497
5.37916725062
5.61552242455
5.79512102349
5.9780083772
6.16270536926
6.61863975645
6.67765385477
6.84155393789
6.96725790418
7.25261830122
7.40485763
7.49219175227
7.6339490499
7.77194546981
7.89472182619
8.0712567262
8.02364948433
8.08566470681
8.12040234373
8.27264087517
8.19861788954
8.26526310383
8.23128973541
8.35219099696
8.2515472671
8.24152141874
8.17270647186
8.26805291013
8.24145565037
8.03796969998
7.98904183714
8.0534418727
7.92923834277
7.7464175865
7.72367986206
7.48241810952
7.39794804723
7.30843486643
7.38918350577
7.21528174404
7.10501851637
7.09757984717
7.15524355466
6.90287642866
6.87141337009
6.85225872826
6.82450419835
6.72749096574
6.7046155684
6.85756428348
6.95614719563
7.14995678943
7.15143053246
7.25747170526
7.30046868267
7.37614165552
7.51304283888
7.59375467252
7.64080328364
7.72358962858
7.74597101531
7.82306252187
9.06945079459
9.25289050885
9.26026125355
9.57290871015
9.43777812633
10.1607661214
9.93698664354
9.85637138718
9.62535329852
9.56730189765
10.0871104136
10.1824030969
10.1349022536
10.5373871695
10.4251453146
10.2406315666
10.0176612505
10.2526446467
10.1362601213
9.99919376636
9.82541464705
9.60194449672
9.54317030461
9.20426854129
9.16269333003
9.01299207393
8.87250591101
8.5525092903
8.47413896201
8.30154570195
8.11836003404
7.99154196686
7.87875217886
7.82065403617
7.80959113392
7.98540820313
7.5450237588
7.53564960917
7.53582888313
7.15419817084
7.00145843029
7.37907494123
7.37371187131
7.32711010256
7.3035118528
7.46897514501
7.56351832873
7.55686999595
7.70949425082
7.73701762572
7.78561861832
7.78075795772
7.79632654031
7.90417528814
8.03615279925
8.13820529931
8.19530772918
8.43177074649
8.26617948409
8.50314907724
8.56091372609
8.65788643873
8.62797608864
8.80276919702
8.8286608161
8.913688983
8.94069014075
8.93268140991
8.96455463248
9.19528255043
9.08652650373
9.16016669813
9.14078566528
9.26871878785
9.34325817453
9.42666871754
9.10036612488
9.17416102698
9.23452555706
9.32054860013
8.72119692453
8.75754229514
8.67133204589
8.77331381492
8.66181770797
8.61144489393
8.53657623549
8.37591978862
8.39396796924
8.4112240574
8.2758899346
8.32512843666
8.35792713548
8.64558465665
8.85017358709
8.74482867107
8.58491970307
8.85285057285
8.95716271918
9.05124658457
9.35356144646
9.20669299208
9.35215239628
9.69945273077
9.61761376444
9.65441328137
9.71441253679
9.77012736118
9.91790351937
9.93330587616
9.86988904277
9.78871193529
9.85219890158
9.94498973708
9.98613610518
9.96332999032
9.83585877726
9.7228663189
9.71241683302
9.73080372032
9.63309204099
9.37093578235
9.24565900101
9.0486944294
9.36445490342
9.27183815971
9.22467619073
9.23890047155
9.13449273345
9.30002119895
9.35036876049
9.3014245965
9.25637049619
9.29769392875
9.43571484014
9.44119943521
9.50300555527
9.6387566815
9.45195456922
9.69534294397
9.66327298897
10.0595120545
10.320457707
10.1775423511
10.2082707493
10.4071783213
10.5448494702
10.4763845752
10.6307580948
10.7944603797
11.1443064895
11.2445202146
11.2791366283
11.3227403692
11.5987940115
11.8345919837
11.9311572381
11.7818433619
11.7076956683
12.0270075638
11.9384188444
11.9479612004
11.8938938225
11.7698750094
12.0186058697
12.0658372023
12.1482383723
12.3001059653
12.3132825274
12.0048785324
12.1780905644
12.1477970199
12.3186068883
12.5256527229
12.1409333895
12.1356780846
12.1893433105
12.0099332404
12.1028456772
12.1403977458
12.1803291771
12.1357148727
12.2025336602
12.169359845
12.2683117498
12.0770943359
12.1469572858
11.7327538457
11.962214682
11.9888827788
12.0035408742
12.1523323166
12.2427677601
12.1177256496
12.1150179726
12.4058911564
12.3888702591
12.3887624589
12.476465684
12.5435405225
12.5763508001
12.6647452665
12.8119623789
12.9039972333
12.6896961797
12.8333930527
12.8850176143
13.0663612337
