6.06790457751 0.21738760843
5.75887493142 0.223236538455
5.54422337036 0.283895648083
5.2961796486 0.407085848051
4.99995804718 0.568314299436
4.85876521414 0.656831259984
4.67500772912 0.695087425981
4.5382572126 0.636718361021
4.18896101829 0.505816850335
4.25840387219 0.278022096887
4.06744651664 1.61325070356e-05
3.93671083662 -0.18618472062
3.46317573208 -0.489560496912
3.41651651408 -0.311874073132
3.56080120171 -0.204856483742
3.66360815401 1.92133945813
3.9805850467 0.43341342439
4.48783571748 -0.767755589699
4.93759894041 -0.459791808672
5.14249062662 -0.475233408962
5.06260585366 -0.330355289384
4.91250649047 -0.280894762832
5.05982867014 -0.259815160203
5.06163232148 -0.119000010548
4.75912656291 0.105023711322
4.89116046318 0.340143917867
4.73479978963 0.529628233783
5.08156565374 0.634342251743
5.58532371939 0.632178758063
6.66255242476 -0.0676377770397
6.53568500965 -0.515659045875
6.15447157961 -0.853820581773
5.49936040151 0.924522710853
5.97888520197 0.908553712383
6.37326120548 0.714879693401
6.47469810874 0.552698836716
6.81834142826 0.380117122941
6.99522988364 0.15384382446
7.14269597414 -0.114697889928
6.96551181598 -0.562773630752
10.9624319852 -1.35872329274
12.7862714895 -0.00261211831551
13.143601978 0.559223602438
12.9964030935 0.906238859524
12.7202611082 1.06524080412
12.5203729426 1.01002862613
12.2121469738 0.762568601089
11.5163537458 0.447854868639
11.132672175 0.026583226947
10.9619663292 -0.272793464933
11.1260624863 -0.369987675966
11.294747703 -0.313807592562
11.5053889538 -0.165784386974
11.6189318515 0.262024699923
11.1017625803 1.36979396074
10.4531137467 1.9481304758
9.7021845612 2.20677019735
8.97539023258 2.21349888994
8.49815536869 1.93259127547
8.17429900544 1.6396809412
7.48018993206 1.39421217553
6.77165838782 1.20128012929
6.13525244636 0.95966503741
5.83203157201 0.657580513467
5.63663523636 0.457282752909
5.23295393531 0.296282782983
2.64270714821 0.032938606938
12.0947474841 1.20876519016
7.51288956582 0.611679842979
7.29924445009 0.847407385971
6.90495663261 0.960209820067
6.83251096373 0.962356857604
6.56160972666 0.967738449255
6.4205393296 0.859703305246
6.10296833902 0.867643147578
5.95232088814 0.841521943593
5.90359624534 0.806853645973
5.96544610234 0.701472229999
5.77964738884 0.520034517763
5.71914549781 0.360059313423
4.94237087398 0.368390263766
4.91096303761 0.378270442195
4.66212905447 0.377923113825
4.73990510089 0.335685936471
4.76487490827 0.252936205259
4.72334289488 0.243512410631
1.93528707706 -0.235711677636
3.50677146528 -0.171831409549
2.96394877589 -0.0598029218888
2.99578398605 0.0699832581864
3.17799661906 0.132446929727
3.58159245656 0.125162675981
4.0533440478 0.108894888394
3.36463782461 -1.08086418134
5.04390191005 2.05594024485
12.8880854447 -0.513390949449
13.2856476495 -0.447425947626
13.5950676536 -0.452708675022
14.1502108897 -0.300981914938
14.2961723454 0.187442285857
14.647016736 0.76136279638
14.6919112459 1.20166951409
14.6519584679 1.46491639943
14.2695865687 1.42655311137
14.0429565541 1.36654582925
13.6587230263 1.25493333372
12.8309612352 1.09763009688
12.0344021382 0.872691484651
11.1388444968 0.678431748914
10.5401943598 0.460623044991
7.32456830023 1.32039408184
6.75777893739 1.51249907008
6.66922145856 1.53948332774
6.89607407036 1.13525775074
7.22625968339 1.11400830824
7.663915382 1.20929353999
8.85587787376 0.87618982022
8.96619075266 0.555065881172
10.5337152126 0.589323458803
10.4512751962 1.28941448135
10.5869422501 1.74872550434
10.8470125601 1.89235950157
7.45034583149 -0.233510902354
6.92669064069 -1.15983722448
6.21185736115 -2.38073494464
5.23632287229 -1.73815752041
3.02832718391 1.61307469138
10.9191857761 1.30020851842
13.273604393 -0.176897886267
13.1917930096 -0.877141624994
12.5533452602 -1.44127037593
11.7126945155 -1.91741572381
18.1562512478 -1.48945358164
19.0685712292 -1.24737454873
19.911509926 -1.17255243145
20.7796863374 -1.23289097283
21.5425539627 -0.97053789174
22.5500158547 -0.405302479991
23.1861782298 0.174756292084
23.3104048168 0.710319193018
23.1903057727 1.01036786545
22.7365749617 0.795115118819
22.1665438636 0.553522996757
21.5273488289 0.395889602302
21.1189597444 0.344568106226
20.8213634743 0.481230041266
20.4174054659 1.01545650421
19.8939430048 1.46890369057
17.6442695067 2.17693086419
16.9310730266 2.24849958336
16.1435164749 2.00850554225
15.3345564033 1.6204956938
14.8909957845 1.27812071057
12.8272827373 0.540301415938
12.4701845329 0.295575116029
12.1150614717 0.284168263143
11.9837577414 0.687822404501
11.3405756858 1.3400090301
10.6461135602 1.96778500824
9.7321508511 2.5602478421
8.85846070788 2.96793051557
8.85350590333 3.04738585058
8.88966380147 2.78573490728
9.78666321799 2.04293267268
10.0452633156 1.61269861778
10.560680278 -0.658571197294
10.8474962281 -0.515266030592
10.8516822101 -0.132716901753
10.6174400088 0.447669774394
9.89582024015 0.911727436885
9.37397021245 1.15697361466
8.73752750632 1.24791004818
8.36545367065 2.04416706065
8.05230665301 1.05476469634
7.22449303808 0.802636011553
7.02512106487 0.559986761144
6.79364723472 -0.818000017939
7.09918667193 -0.44148251865
6.92137608412 -0.0672437407833
8.43624426521 0.412074083941
8.81236139039 0.405662542622
9.16361083868 0.300527940053
9.25471192289 0.208418517246
9.22113223236 0.150855534851
9.46434175487 0.168395200041
9.36566219347 0.145314349395
9.30926979628 0.0855988489546
9.10144559811 -0.0410270365834
8.99814060794 -0.194707009837
8.95402531209 -0.327141474727
8.67064938464 -0.413395345406
8.50204331922 -0.417333618495
8.4812082854 -0.311323930864
8.22285569504 -0.0899931548344
8.21596059652 0.09315631176
7.97314695943 0.282958851378
7.7525857914 0.442427589205
7.90604747026 0.69011346372
8.02145863173 0.569507933801
7.87131094841 0.229177624043
7.71663941302 -0.194937012422
7.78026785316 -0.488318528322
7.85721011257 -0.530526038972
7.98248620583 -0.335888203835
8.20733145339 -0.0349929505282
8.28157292284 0.417654039095
8.45756914681 0.840565326388
8.26922395098 1.11826810889
8.01790094449 1.21185293242
8.10066278038 1.19435137101
7.6511027807 0.041598195086
7.60082191263 -0.0350739255557
7.39574719442 0.039603457602
7.30394609322 0.514997478827
7.13479818732 1.17392408898
6.9993008128 1.68536618183
7.32626834231 1.83153765655
7.93168079831 1.5666514713
8.65862041603 1.18112173345
9.3641799127 1.1202525664
10.0352325804 1.14431610473
10.752946269 1.06405019766
11.6072724036 0.669828724809
12.0013001845 0.057925293704
12.228726434 -0.529240388464
11.9879573256 -1.85702852953
12.0325852004 -1.15282850978
12.3405393309 0.335439006854
12.5732252574 0.667815839495
12.523367473 0.914628807662
11.2065478006 0.815223870044
10.8073241245 0.100732421331
9.49482202629 -1.93927477603
8.44762237269 -2.23022360799
5.4253805639 -1.84597580153
