8.66974682247 -0.500923938226
8.12507484542 -1.51361415212
7.58530425278 -0.906653583078
7.00567480316 -0.851834537682
6.37657422508 -0.893923791587
5.49354952433 -0.969977850531
4.85531412914 -1.06395630465
4.43584915054 -1.12626404247
4.12070148475 -1.09450973631
3.82417345145 -1.03814993212
3.82697997764 -0.0219925897674
3.73581219166 -0.727534531588
4.13289462738 -0.791266589091
4.4609133058 -0.731396994599
5.20436227873 -0.607431867504
5.75844005976 -0.571904536201
6.37913107738 -0.441503280165
7.09438207281 -0.0550231188514
7.43841242845 0.452744250141
7.75482966504 0.832715923614
7.72032120495 0.994588248671
7.80948501023 1.00314914224
8.26604565599 0.810608570816
8.66436218142 0.455460081422
8.73116841416 0.0516929077869
8.44409010874 -0.380037284324
7.92815688286 -0.722231947487
7.94810781434 -1.13942394527
7.36292223477 -1.33971020886
6.72949405995 -1.4291554224
6.33851365029 -1.47261536176
6.12855074531 -1.47314239379
6.41041774135 -1.30447327541
6.79879466338 -0.973379094294
7.09188750806 -0.599655663737
7.2050280452 -0.118196778672
7.39056575282 0.332172858191
7.34408735064 0.617757551687
7.44148151782 0.732318496171
7.48663404607 0.672113152789
7.30500002161 0.444496144952
7.06968015324 0.264156252363
6.92032222802 0.0228876417908
6.67914428962 -0.210127423756
6.6036880646 -0.463702374842
6.5272722262 -0.626065418782
6.8157118905 -0.720859739905
7.23188205072 -0.786715096159
7.87219204325 -0.737291972971
8.58999229982 -0.760640363967
9.22925556039 -0.747798336614
9.97350575768 -0.581799835113
10.6021330383 -0.210399478062
11.1051480627 0.100036567942
11.397945747 0.337478407564
11.4421552176 0.398058696233
11.4427094252 0.357257292676
11.4427161342 0.268571200526
11.3097292228 0.195259163653
11.0044396212 0.0264009632444
10.8768152788 -0.151179822545
10.6994826305 -0.29783433084
10.6256094689 -0.44623765047
10.4493888643 -0.512311939553
10.5867513889 -0.579641718358
10.6641432939 -0.604819098901
10.7067398952 -0.617138426263
11.1070817301 -0.631457580728
11.3728043336 -0.605521761266
11.674814225 -0.542259279283
12.1838178549 -0.471463945826
12.4423775687 -0.4092590636
12.6299196444 -0.412258075675
12.9776410972 -0.433714342597
13.1958827928 -0.452646074698
13.416061093 -0.522191050923
13.528225382 -0.603294329555
13.6623151904 -0.695475283402
13.8193584991 -0.778390417515
13.9986044035 -0.820301355468
14.0487065373 -0.821645873641
14.1353391078 -0.807233282569
14.2961499424 -0.786944106291
14.4214463312 -0.782344197305
14.5658513848 -0.792256972564
14.3564924101 -0.808759187357
14.1570473815 -0.830843924773
14.1951349947 -0.848525729253
13.880703178 -0.907155381645
13.7504587265 -0.922715571634
13.4912646883 -0.97701082395
13.4934511587 -1.0339760674
13.3711726068 -1.00979016104
13.2083810727 -0.969888669693
13.2026723374 -0.904588623642
13.1152097554 -0.846166871334
13.0895238708 -0.790984682278
13.0719827445 -0.779206986532
13.0267119797 -0.783302331549
13.0563677221 -0.794334658356
13.0409162085 -1.70266101787
12.9571000896 -0.894777708305
12.8941811495 -0.621132106195
12.6205466145 -0.438846937471
12.3225116326 -0.331307469151
11.9184512212 -0.391344680783
11.6830101117 -0.510265919793
11.3925354688 -0.580982966158
11.1070200213 -0.703102130117
10.7794760576 -0.723006040826
10.4296287332 -0.750357284254
10.1446403624 0.193512008264
9.88126592432 -0.5768377028
9.80948579852 -0.702646413258
9.42709959247 -1.83268817903
9.05767305207 -1.18505384
8.74017337682 -1.07148444228
8.69330563561 0.226561125543
8.51015274096 -0.235120154603
8.26997857581 -0.196490547324
8.03894633685 -0.278954292099
7.92320542955 -0.325718647416
7.52157386953 -0.345063263732
7.24159403866 -0.329550128722
6.90479358944 -0.255137438166
6.57061863259 -0.267684592518
6.40295749822 -0.327503005442
6.0769369848 -0.465025936473
5.53016801573 -0.592867086954
5.07547279424 -0.696040934013
4.62048056443 -0.78279594335
4.25195826262 -0.880124472116
3.83882370213 -0.958871353108
3.78079268991 -1.03520534605
4.04488423568 -1.03128636516
4.63575721423 -1.0271369396
5.15591969573 -1.04084216237
5.97063481634 -1.06490392679
6.67369875691 -1.11671281923
7.57315497818 -1.29003626779
8.24153203021 -1.38553527691
9.07673425403 -0.990423292935
9.74134497851 -0.467235011103
10.3375475559 -0.0259821665908
10.4910422854 0.378421949986
10.7067701248 0.681151390787
10.7994842457 0.832797708376
10.892461131 0.747891127263
10.8375340491 0.543949868781
10.688257292 0.388082938426
10.4955929378 0.164695500725
10.4637281425 -0.0478224671082
9.96585963527 -0.232965678436
9.9105207848 -0.402934798021
9.8426174755 -0.527460062226
9.95764449513 -0.625230853816
9.99178220563 -0.681532853981
10.3467227384 -0.725076537858
10.6537786883 -0.749615883298
10.9482068573 -0.743357577185
11.331073116 -0.704431929408
11.8959586736 -0.657460664594
12.2475117282 -0.581141535217
12.5235693132 -0.542876181848
12.8821212051 -0.52298272623
13.1988108468 -0.543633198676
13.3241452954 -0.558571575169
13.7446807866 -0.556726194233
13.8748507852 -0.532754999363
14.1604266185 -0.479021424949
14.7247683909 -0.469989250779
14.8743145383 -0.443926034505
14.9781968363 -0.458458938992
15.2661274517 -0.496803007426
15.5378889991 -0.559192588075
15.8549315416 -0.638804701818
16.1870574996 -0.714966792693
16.4307410466 -0.733681206642
16.5424900723 -0.789778274262
16.852389215 -0.851627535379
17.0305758134 -0.918191821996
17.0869206416 -0.930735729908
17.2170470378 -0.944193236746
17.579741871 -0.944069695729
17.9133862671 -0.923927367868
17.9523013468 -0.881038172728
18.1764784111 -0.844668802741
17.9887186115 -0.771685295949
17.8764776773 -0.747919081328
17.4870668144 -0.746687671064
17.3300668588 -0.756644696919
17.0404907791 -0.776134746079
16.7674376086 -0.798804471569
16.5135996146 -0.811205143734
16.0410889963 -0.825834304074
15.8233201705 -0.85286317854
15.387886754 -0.890347143961
14.84028923 -0.91877259366
14.6916078594 -0.963168417818
14.0891917039 -0.998117843956
13.8892271881 -1.91410759085
13.5278004141 -1.12195110806
13.1823993028 -0.899643691951
12.8850256216 0.213023504256
12.3942838892 -0.47784156399
12.085466505 -0.607258650635
11.7755026929 -1.67283282464
11.5111568524 -0.989407592848
11.3347690118 -0.862268515031
10.7821968933 -0.788712744081
10.0747608161 -0.760838176551
9.60292793727 -0.826237446155
9.15251211086 -0.882139503436
8.89105015984 -0.935016178052
8.68159292896 -0.997140934734
8.55427572741 -1.04868945524
8.15720022038 -1.07722899998
7.8652792492 -0.154700864159
7.45720885625 -0.850052096779
7.16334468717 -1.01381328068
7.00118214534 -1.01832675652
6.8522997996 -0.851729941604
6.91796481127 -0.578627775431
6.91809879352 -0.316968161466
6.68531250542 -0.0996117029419
6.68248086746 0.0756535417281
6.15625386501 0.196032225988
6.09614676469 0.289173179023
5.77603070109 0.351507796003
5.61541622594 0.346291678255
5.35766865271 0.235517797965
5.23460756778 0.104573042407
5.00282374013 -0.0452649780523
4.62005885084 -0.206952692502
4.11409366277 -0.409276240713
3.79541445484 -0.659565911083
3.52961607968 -0.72828156741
3.81706316861 -0.730108256253
4.39025926039 -0.708908842863
5.05144104521 -0.660498940098
5.60400400375 -0.564143750632
6.16129390243 -0.4985078735
6.61135668539 -0.549155569576
7.09081311804 -0.757638934627
7.5101686779 -0.802814070202
7.62968360209 -0.701479139495
7.86649881462 -0.551339997909
7.84928704878 -0.437757609891
7.91667176498 -0.356043047135
8.20449261328 -0.318630268706
8.17793043673 -0.294090996828
8.38685327938 -0.301840002821
8.50640175623 -0.236187693823
8.65643166667 -0.204994158414
8.75628050776 -0.175250436366
8.87512304142 -0.157941890234
9.23303092631 -0.166149569237
9.64876258202 -0.172266327646
9.9555915572 -0.125307629088
10.1049168953 -0.129040340237
10.4673487079 -0.159398718372
10.7558076569 -0.252374881315
11.027350996 -0.247455375265
11.4118827195 -0.235110253667
11.7557355794 -0.262526631959
11.9769323547 -0.274874486861
12.336119296 -0.241644819684
12.7447590389 -0.290908692577
12.9614228809 -0.297499919108
13.0694424717 -0.300697599818
13.2170769402 -0.28342493431
13.5007824498 -0.30609753294
13.5942067633 -0.334896204895
13.6778128313 -0.351470594419
13.8347712846 -0.39935478421
13.7315308166 -0.438987085643
13.8007843639 -0.479949624338
14.0572462244 -0.419441242285
13.9772778262 -0.439532557748
14.2559369967 -0.518787125438
14.2611796098 -0.591319397097
14.6080695481 -0.62545460142
14.8705851308 -0.646385234474
15.0096902437 -0.627823980066
15.3352931758 -0.612743209633
15.3775136665 -0.669723313971
15.4480611108 -0.689216767751
15.5531958256 -0.738719394594
15.6924179928 -0.756525623452
16.025864171 -0.754055174135
15.8585010144 -0.719707027911
15.8085033498 -0.722149146643
15.6135034859 -0.690008423584
15.6528937881 -0.657592337173
15.489752255 -0.644216896858
15.3384373248 -0.66611647275
15.1187809534 -0.687796123221
14.7581057531 -0.725543129782
14.4985943185 -0.754752301238
14.2629383162 -0.790765540729
14.0512662659 -0.778429669638
13.8646627299 -0.763511825817
13.5869771492 -0.766254615918
13.4458181315 -0.755176477177
13.3340276905 -0.743125374496
13.2509304384 -0.786087816687
12.9503711276 -0.84766051984
12.7785270746 -1.85712496817
12.5922727803 -1.10096659771
12.3946993082 -0.932060494824
11.832610001 0.150455217596
11.5374470012 -0.5555418547
11.1697451572 -1.62667859692
10.7590573761 -0.940487278947
10.6003207025 -0.799081225537
9.93649444231 -0.72567996462
9.45657721901 -0.788909046613
8.81725399748 -0.934681171114
8.53809425232 -1.02332818685
8.12850414373 -1.05742939801
7.9851378974 -1.05584566543
7.9725948723 -0.996881449611
8.03475309923 -0.931930636747
8.02322408447 0.06162909054
7.87133556034 -0.640799835558
7.7085977001 -0.755804623551
7.74923679422 -0.730695230991
7.84155034514 -0.599577898015
7.7382047089 -0.490410512532
7.7877007876 -0.433489254129
7.72797561849 -0.43949517025
7.68756947894 -0.453191348257
7.66844587105 -0.437152255033
7.44754912322 -0.407085364755
7.47465894394 -0.388835255526
7.52625741593 -0.39645835558
7.59924951765 -0.406514685765
7.49966593368 -0.383683651488
7.45353720432 -0.336675456504
7.41887020641 -0.258562112112
7.27034323831 -0.197972786942
7.14069918694 -0.189281992448
6.90467381503 -0.18249847278
7.03952348433 -0.193136145936
6.75407444308 -0.197222333081
6.68293764781 -0.175756300392
6.67616384243 -0.13491001304
6.35899053941 -0.139832650794
6.48022462338 -0.155606814336
6.42035777819 -0.134206276362
6.66240749084 -0.106785746872
6.88019993807 -0.0629837453402
7.06654355561 -0.0135122031264
7.05324220636 -0.00241861061154
7.47407391663 0.0322932217622
7.5739762321 0.120687133108
7.63615506866 0.185757751075
7.79832334239 0.184518464441
7.77140666148 0.217729091825
7.75469722937 0.302922602023
7.76183823778 0.336967160265
7.60189947326 0.29766072674
7.61662236492 0.270907278417
7.84109390816 0.263277280047
7.8439066507 0.272747971222
7.90089174432 0.274427864272
7.90167088999 0.198349673096
7.93532781193 0.0888645309642
7.79550321027 -0.0199790697862
7.70463727069 -0.068058022673
7.68919997746 -0.0957932264917
7.4773788689 -0.058398579939
7.69125818106 -0.0174643728622
7.53761196487 -0.018200253693
7.71251312575 -0.032171026316
7.60609427842 -0.108296585122
7.66735434447 -0.212720295002
7.60052531576 -0.32574471692
7.59553651448 -0.441216517131
7.68307894941 -0.520374432033
7.83315800732 -0.580519882328
7.98067030322 -0.625369662596
8.22249532458 -0.561999836409
8.55160062137 -0.504306906128
8.80985800762 -0.483964107872
9.10553266125 -0.394536163144
9.27007658687 -0.310382929588
9.63128294314 -0.25755839351
10.167062455 -0.270870114519
10.2476806118 -0.293532847568
10.314264749 -0.308615740012
10.393129748 -0.342717052085
10.323898328 -0.338599162675
10.2140612944 -0.359911501151
10.166651666 -0.41698387651
10.2272457668 -0.461534370101
10.1367338 -0.50023308507
10.1959053466 -0.572214818484
10.2052419422 -0.681847640056
10.3755387404 -0.801445748797
10.3682153811 -0.884336131207
10.6407799276 -0.940405004821
10.7171716016 -0.941131897506
10.7077791844 -0.948095119791
10.749229334 -1.00337212514
10.8425064373 -1.0448283684
10.7416728875 -1.04372144488
10.8500153399 -0.968578282876
10.8638098127 -0.83448411984
10.9298867248 -0.72637310985
10.875654068 -0.631891539163
10.7309453115 -0.523149965182
10.8626222737 -0.465694556181
10.6468807088 -0.418106800443
10.4671835309 -0.361076685148
10.2113750676 -0.318470253107
9.81666116677 -1.21285899768
9.63345906456 -0.418296315696
9.24002846371 0.695724826668
8.66596104647 0.0706476189224
8.51479907116 0.00717690148357
7.84381184502 -1.05309882544
7.58068394266 -0.400801308364
7.4592564758 -0.310402588469
6.94554401305 -0.262182398054
6.43286031757 -0.276165884043
5.92752912492 -0.430554477863
5.59374290083 -0.595142145737
5.11546404772 -0.743180499797
4.86141680609 -0.904903784286
4.51445933688 -1.00974145196
4.06652723858 -1.08764600566
3.78980785263 -1.14552162822
3.64506878284 -1.13175429947
4.13153394559 -0.147301899942
4.72309328262 -0.821692991078
5.49042375953 -0.79292954111
6.252025925 -0.621477688148
7.15145360457 -0.408636367537
7.78074142574 -0.0728863759409
7.92590744558 0.278857853193
8.11390310955 0.499071724835
8.09266373932 0.586803200854
8.36088191471 0.529391591932
8.20696587003 0.379250813302
8.36057847055 0.191133729149
8.42864081559 -0.00684702183286
8.10281449745 -0.145893952002
8.01700206412 -0.292889203113
7.77602582807 -0.477267844865
7.14040969617 -0.71688966728
6.52061448207 -0.884968560741
5.62514094846 -0.980149606327
5.12560420498 -1.08765161209
4.53443387028 -1.16758464554
4.41696327443 -1.17313489246
4.31193418775 -1.19302548363
4.75344887602 -1.26941845667
5.35826326282 -1.32781888715
6.22113668587 -1.37211593463
7.15697821062 -1.38886454187
7.9917055896 -1.1253691871
8.6663757774 -0.513606687436
9.14558958894 0.0128673848744
9.40416209192 0.318499700738
9.2690650253 0.453575685828
9.20212297436 0.4512208071
8.96931293079 0.352640820211
8.84666486404 0.282059213157
8.5633527759 0.182767353459
8.46093464538 0.0980694075912
8.33424347084 -0.013716822204
8.57148587089 -0.163144754059
8.6825225985 -0.232797117086
9.04858661085 -0.286338314043
9.48423800578 -0.319640653799
9.77459294862 -0.304524165133
10.190907036 -0.295461529089
10.403315276 -0.296077204199
10.5516866452 -0.334626809951
10.8473890036 -0.280325417967
11.1081893508 -0.315931074707
11.42735936 -0.356902409517
11.4483327025 -0.399849137523
11.7461908131 -0.428922524628
12.1989376064 -0.443599098662
12.2051613558 -0.463330513877
12.4942918945 -0.574135182722
12.8634258344 -0.652015896676
13.2992350298 -0.697068114406
13.7179259302 -0.690224942076
14.2769355681 -0.636307072009
14.5112040367 -0.575819233933
14.9528311305 -0.478000035283
15.3214515213 -0.374734264528
15.7159167729 -0.327320037155
15.6402338261 -0.304452020749
15.9273813745 -0.324221303881
16.0492901581 -0.380919481584
16.3624980334 -0.430930930313
16.5204287195 -0.496513447952
16.6857244269 -0.561684513465
16.5365301036 -0.615317242499
16.7342827587 -0.669800722476
16.6224322092 -0.725600876659
16.5260637729 -0.774735960949
16.4494728795 -0.808886146676
16.3929848663 -0.86112343755
16.2421874708 -0.924049322889
16.3921640654 -0.985106068109
16.0906454484 -0.990287404319
16.1900293601 -1.00103096836
15.9497135458 -0.979492751469
15.7368192164 -0.95607699559
15.5571473093 -0.953406027422
15.4119168583 -0.945861030518
15.3021089391 -0.95012671123
15.0979292714 -0.889481741763
14.8192885002 -0.82831057094
14.5744502531 -0.798516169352
14.4805083912 -0.780603953517
14.3061088331 -0.734462473386
13.8818601782 -0.727730522161
13.8675105534 -0.702450110636
13.8264928733 -0.69935802396
13.795501992 -0.736025054327
13.4488740742 -0.711262781214
13.201386732 -1.63836687423
12.9699098037 -0.87153391011
12.6869170903 -0.678262861064
12.3232721061 0.383658484931
11.8000215337 -0.251852290042
11.2226775342 -0.326981930616
10.8740840674 -1.35348026983
10.6996498951 -0.753795299331
10.4097283947 -0.731892763684
10.2470955632 -0.765517248703
9.75590532982 -0.824535010948
9.45435092174 -0.876971847305
9.1273609781 -0.941715672913
8.8796767865 -1.00214323856
8.49927843291 -1.09458716265
8.18992059538 -1.10345341306
7.79795871912 -1.10057305195
7.46140914491 -0.189709325333
7.05163641612 -0.929545150809
6.6148743308 -1.11768481909
6.35395808207 -1.21996662189
6.43174046653 -1.12636716598
6.59239246151 -0.999418814321
6.9848173227 -0.69677194822
7.16269662863 -0.237906645151
7.30460884337 0.287427812681
7.16710567761 0.833342020264
7.27017842978 1.25957505616
7.3763037887 1.4155259653
7.68248290342 1.26371919732
8.02751487573 0.928377098811
8.21282351859 0.447598700443
8.34756141475 -0.0204108555844
7.98568250015 -0.417538555167
7.47744437106 -0.694311872299
6.6283255024 -0.920134284811
6.24456045954 -1.06011281145
5.70615680831 -1.11959145887
5.57372840362 -1.11470400535
5.47150756662 -1.04884781982
5.69733412909 -0.967984590669
5.85301773802 -0.917727024569
6.10398079777 -0.696778789889
6.49444497122 -0.337932885026
6.85406743127 -0.0245583036432
6.9739215259 0.326902775428
6.88852722322 0.561236882919
6.80343650486 0.611674280132
6.64462063642 0.530038855204
6.57427281232 0.425705680178
6.24313911168 0.325663462686
5.99734885721 0.212085740576
5.83288375269 0.158396814509
5.85098078806 0.130886609036
5.66837111379 0.0580030856102
5.66287025138 -0.0334258288573
5.76174936084 -0.126666065925
5.90817776969 -0.224344501008
6.30853689335 -0.259614309583
6.81104919966 -0.304412436585
7.22202027691 -0.330625491956
7.70610693119 -0.387816596616
8.17788151525 -0.415688694145
8.79107767906 -0.454786373299
9.26966140026 -0.450950237278
9.72475229742 -0.418340735939
10.2016861404 -0.432067619221
10.6146265699 -0.429449208149
10.8107687718 -0.439203873314
11.1785252911 -0.387111319445
11.3555471478 -0.283510737267
11.498333711 -0.184469817119
11.5777545662 -0.105174963763
11.438230334 -0.0333821590779
11.6195338732 -0.067777473328
11.562288291 -0.0827832993247
11.7693390168 -0.127010053746
11.6742336145 -0.153586953725
11.7485467321 -0.19920376726
11.873767963 -0.210033100269
11.7769242259 -0.242619412896
11.8894191748 -0.294032262102
12.1826519273 -0.363695033093
12.1487938433 -0.451672667822
12.1358984896 -0.523092515176
12.1482209235 -0.55900331487
12.0045948918 -0.634901295451
12.0364666585 -0.702173642383
11.9728068506 -0.743293017589
12.0771777851 -0.798335926481
12.2554597868 -0.803087062539
12.161005775 -0.811382758592
12.1993986682 -0.828394389281
12.1153250605 -0.830429146005
12.0636713672 -0.803148263812
11.8098275242 -0.746993916635
11.7199181949 -0.701682948063
11.5466124161 -0.659593765169
11.2496526168 -0.555663828173
10.9834851959 -0.498761358633
10.9661547626 -0.482856885567
10.5936193984 -0.479343902902
10.336883979 -0.544272619143
9.96370749135 -0.654367108524
9.96687913341 -0.727523072338
9.64100436098 -0.765028788242
9.45450562209 -0.782724449443
9.29682953996 -0.806921204233
9.32283980597 -0.824613010066
9.23155483418 -0.82197679774
9.09985044852 -1.72830894427
9.07704437783 -0.94637081192
8.86391551802 -0.753131982248
8.69503709042 -0.666056595693
8.03443247743 -0.615339894786
7.80313215667 -0.661903374927
7.39792620481 -0.733690941884
7.02258685965 -0.744909951324
7.02253675103 -0.784359965996
7.05252867213 -0.767656560517
7.06857949899 -0.713045446394
7.20467771257 -0.691065314252
7.221403144 0.213491827613
7.3543516412 -0.561102759788
7.52457167591 -0.701543267328
7.48179898113 -0.582653826097
7.71505402674 -0.327394102705
7.72349632996 -0.120958992909
7.60720768216 -0.0428403257952
7.47740093532 -0.0353187576434
7.23115022152 -0.0802836702471
6.98363321534 -0.11367636721
6.73628106869 -0.183691411713
6.48913175774 -0.24071410822
6.3734851409 -0.274822529743
5.91640308857 -0.299028771359
5.85689839875 -0.320150546337
5.53339713681 -0.348126680512
5.29586779697 -0.356680410918
5.16429250768 -0.336760597493
5.05722929083 -0.308512620402
4.61566252821 -0.285757681764
4.55504849835 -0.312102494961
4.2218165335 -0.376617199644
4.47477539561 -0.46384374162
4.40820665761 -0.504445809613
4.68337134563 -0.500232885307
5.2857607274 -0.508711431725
5.97257956782 -0.504283816222
6.59010065075 -0.490519771342
7.29409718202 -0.538002503901
8.0072590161 -0.747514796143
8.54657836001 -0.842181860901
8.98311244255 -0.752539772786
9.33414361953 -0.576976051488
9.5232054157 -0.417795902281
9.78787634213 -0.260260739456
9.96927130147 -0.143214183848
10.0397040662 -0.0709818231302
10.2168431395 -0.0309276186399
10.2910066324 0.00592254527303
10.3492592799 0.0464791755741
10.3734375327 0.0270545927106
10.3882001823 -0.000375786642665
10.2948937241 -0.0480550170297
10.5690230453 -0.0776697980112
10.5298417562 -0.132524898372
10.7116591836 -0.185099755117
10.5741307138 -0.271180572415
10.8937187578 -0.324733545914
11.0828783731 -0.401863864732
11.2760718208 -0.455601667248
11.6309090757 -0.484013417186
11.8998805826 -0.500680424463
12.1591803923 -0.496254937982
12.4719628636 -0.482640272637
12.6940149581 -0.428479799627
12.9759076069 -0.358565224639
13.3196788324 -0.362377303589
13.5708843413 -0.403033016437
13.9713168178 -0.430281459788
14.2890573952 -0.459151462832
14.5408349302 -0.500779837072
14.6931445824 -0.54933797568
14.8712640787 -0.58549095097
15.1123933691 -0.606865041754
15.4834873479 -0.609089066086
15.7997434371 -0.647873326826
16.0596722076 -0.703469960596
16.2478231187 -0.743482147868
16.6162629027 -0.820425719575
17.2204854448 -0.810483849526
17.3589238386 -0.789952529166
17.7090713496 -0.715254901979
18.0768999696 -0.749524546166
18.4601167972 -0.831294910884
19.0009242402 -0.921784364303
19.5734343645 -0.995955783698
20.1286518415 -1.03614382412
20.8831578194 -1.08613157892
21.3222720376 -1.12443102829
