6.42896926635 -0.963698163404
6.23856531119 -0.686705170274
6.27904620577 -0.189592754093
7.80181393471 0.728549776956
7.92883729315 1.41198861471
8.13925237436 1.9694916224
8.4339570397 2.05828366051
8.8138618728 1.94154828858
9.17365005189 1.70747248771
9.4573111872 1.44450050472
9.63421503351 1.20235620323
9.69239168779 0.878728544946
9.63552410427 0.526367837773
9.4389144755 0.359728832449
9.25210986293 0.315590363586
8.91516353576 0.30959785451
8.55543670141 0.176797569808
8.08858773215 -0.00327402053793
7.69408007147 -0.228702181393
7.30164789651 -0.420051963021
6.93715450717 -0.622380149988
6.42702790722 -0.870881670168
5.57552568988 -1.10152341797
5.04549950334 -1.23996904243
4.3025903169 -1.25465243698
3.86953814714 -1.18688139443
3.41316579946 -1.02479437078
3.17266991601 -0.670809478011
3.04013590422 -0.197000612064
3.5380571325 0.188004199863
3.87696042125 0.514139449227
4.3911850793 0.763114044455
4.96709002674 0.888582159276
5.3178147661 0.643482938449
5.67092984418 0.153808599136
5.74911866822 -0.496617588408
6.0542985887 -1.08120487469
6.39436871299 -1.42319168124
6.8585016192 -1.58235439827
7.42943490162 -1.57084286864
7.78291416634 -1.47018159981
7.96709676738 -1.43045174096
7.89765553433 -1.41094089253
7.58712253094 -1.43805714994
7.22445848563 -1.35540431921
6.8178051278 -1.03954298579
6.73030667772 -0.600960986194
6.73255049607 -0.15505817564
6.93652743016 0.219465234348
7.17026217719 0.498158042085
7.23736107028 0.533303224914
7.37636507108 0.38652961402
7.45191662641 0.115574269763
7.3691287075 -0.244902955306
6.97705832004 -0.783311466298
6.36943814273 -1.3737668621
5.70821947417 -1.93067277564
4.99422266127 -2.25341589504
4.51242814968 -2.2814226605
4.38594052475 -2.02612888113
4.55502285223 -1.60353887648
4.93873386536 -1.06575771252
5.43704193812 -0.492983977339
5.89624088377 0.0829572092929
6.24312201668 0.504477918606
6.11417720493 0.657952481581
6.24303102621 0.632343928052
6.18216619395 0.494296598401
6.39616805532 0.253980977594
6.45899801976 -0.0300256863238
6.37004579753 -0.447860709496
6.21510745858 -1.04800428187
5.49168586098 -1.62123057278
4.7848925772 -2.88765555606
4.06917103118 -2.29122373237
3.60990632204 -2.18870233491
3.63486856733 -1.90124668874
3.98557269008 -1.4089702842
4.11469467254 0.0981670111426
4.62169967576 -0.0511188795994
4.61896029454 0.248791320156
4.446149234 0.281963735666
4.15167461521 0.19408266099
4.00876435839 0.019074005919
4.18382236019 -0.220969580837
4.00922167608 -1.44936775564
3.79034163511 -1.02731407527
3.5471810571 -1.06606065268
3.32958025418 -0.846321503287
3.42662276257 0.341250789725
3.58422482691 -0.0949580968285
3.72454198209 0.0253509249207
4.05509078149 0.402607065538
4.50371668315 1.93872728731
4.86864059463 1.70720997809
5.18831533791 1.72277386862
5.25982936845 1.62278333424
5.6719798614 1.58434388555
6.10819448772 1.80248808636
6.80676339198 1.94164451484
7.09065386252 0.967428808712
7.4465739222 1.67417067861
7.4710278147 1.61092201912
7.15833843677 1.27642579243
7.15421214029 0.746428994366
6.89021399632 0.109498798271
6.86510410771 -0.52484636276
6.43913144326 -0.948329064859
5.83649548234 -1.18825171136
5.43370364971 -1.2362249493
9.1602334133 -1.3180594734
8.03332353493 -2.70975135778
7.33415137743 -2.27346664995
6.49187581874 -2.20504336365
5.58950518341 -1.2066540108
4.64250689663 -1.85217932322
3.65606693252 -1.73408606267
3.00120973264 -1.32212200232
2.5557286795 -0.847307535559
2.88385078961 -0.325608882687
3.32704153061 0.0511779257017
4.02333193246 0.197082418087
4.51418286166 0.0930026394732
5.00595220804 -0.014754191539
5.21656861029 0.0524066152041
5.42732727553 0.0622052448531
5.64125384913 -0.035794120378
5.60627699531 -0.164278823649
5.36959459559 -0.431522369841
5.00104136587 -0.831855726725
4.63223249312 -1.2301407016
4.0067233307 -1.29391431506
3.49046971782 -0.98093176653
3.74897909107 -0.489254035654
4.06116203674 -0.0740644422689
4.42974474776 0.0980144511515
4.25215501637 0.157108135878
4.24998914278 0.168860235493
4.24996272679 0.333209029534
4.24996240076 0.496566630574
4.24980130831 0.372374751178
4.09505917306 -0.126193711551
4.09335716642 -0.693544528557
3.70069095088 -1.1492903215
3.35526845545 -1.53449207597
3.11547915509 -1.71635734955
3.60088744286 -1.71948731578
4.20807370452 -1.62617962442
4.80017350134 -1.36347205944
5.59525275103 -0.974682524063
6.28905637159 -0.447050194124
6.71391786585 0.0353977730366
6.81624145382 0.185985058881
6.72047385637 0.208998930195
6.57789680607 0.188505582435
6.33838032665 0.027204455999
6.5316278689 -0.120205329212
6.53408546333 -0.290930110533
6.53411570067 -1.38846898711
6.15444458149 -0.725657716432
5.7167618603 -0.702743968014
5.09561506822 -0.800469621265
4.66471971597 -0.886280680923
4.36625764772 -1.05174505217
4.00394666018 -1.17606028919
3.58494300206 -1.1099737011
3.52591237982 -0.768504393964
3.57120606376 0.621971681628
3.39333397028 0.16975097013
3.42815419874 -0.940385446478
3.29921442095 0.610757983084
3.12463088082 -0.0271653645495
2.7799149329 -1.25025912543
2.20598577571 -1.08099776522
1.74254865137 -1.36815503489
1.85111182388 -1.5458524971
2.2622042334 -1.39990174892
3.02303288935 -0.973587580801
4.16177853498 0.427925572952
5.00928394622 -0.0939397917178
5.54435642099 -0.132960762573
5.56460167994 0.245496747398
5.56517009803 1.84604094879
5.42163533594 1.75167503131
4.80981524518 2.05527494866
4.1681026747 2.20958243861
3.88892464579 2.46195986429
3.45343837291 2.43706670382
4.03835370773 2.05494886651
5.04249981173 0.554939354652
5.90154548359 0.760718811216
6.32998036317 0.594268799888
6.88054577232 0.511101849255
7.09629866185 0.429949047231
7.10052799951 0.273064959088
7.00115338198 0.0544483942466
6.64199274064 0.0280682171308
6.28212734444 0.231127054608
6.06851884823 0.598244962359
6.17029677525 0.855583949497
6.32460735285 1.0624714887
6.36747453291 0.964009500587
6.71821745232 0.746612228453
6.47363781212 0.457601447327
6.28198421335 0.178713906262
6.10445114474 0.109999806441
5.92022200699 0.19075752337
5.73589711223 0.365025032381
5.58171707126 0.478400978899
5.45057192172 0.521625642282
5.34391555467 0.490068531374
5.21242994101 0.52601115571
5.54706229089 0.720870773284
5.51568056692 1.00584801035
5.52296626562 1.27028365621
5.61283160496 1.39949819707
5.76901261109 1.34948050597
5.97756586072 1.31415806724
6.03661115408 1.38801111762
6.07775611845 1.32112122795
6.11107127869 1.0336467367
6.02066558886 0.683281189385
6.05727419741 0.259640327383
5.98201155584 -0.251610818883
5.83145098531 -0.554724001939
5.37240123297 -0.53395357259
4.69510929475 -0.34026406603
4.46802337538 -0.156377201035
4.40830182721 -0.142666533483
4.19683369986 -0.290033226463
3.9877039298 -0.361620892511
3.94692118711 -0.208834930754
3.71518421217 0.204314934701
3.89206830552 0.91065736354
4.14577138547 1.59627265327
4.98437408746 2.0829873404
5.47442927712 -2.88199708529
6.38614683954 2.89802502583
7.24470048163 2.84399346377
8.32119559455 2.67422152386
9.41552409069 2.35444474967
10.6176781617 0.97026401919
11.9239768562 1.32695562142
12.9507094028 2.19999836369
13.6970321423 1.26935187013
14.0890322071 0.497346249136
14.1769906131 -2.0972954644
13.7110234642 -1.1106652854
13.365139401 -1.14381175277
12.9717424833 -1.19664794768
12.6213912541 -1.27904017084
12.2132301046 -1.33086243439
11.7658582498 -0.455557462354
11.0317485136 -1.26766225177
10.3815508088 -1.48930243264
9.24706682103 -1.70082013456
8.32164992177 -1.84512159538
7.23184852663 -1.78403792284
5.86019719803 -1.66362238701
4.69749242485 -1.48982977461
4.29760001527 -1.29200104
3.98703672085 -1.26328728552
4.17250616635 -1.32632808568
4.37011592925 -1.39157552635
4.08484296543 -1.34340532971
4.0491087737 -1.01960594923
3.98505345448 -0.539468128329
3.92742677654 -0.22867066727
3.76009665013 -0.240568392009
3.60982669732 -0.330851181919
3.60800494452 -0.456272156134
3.41100585652 -0.5914408587
2.93401895586 -0.571509375348
2.26822027444 -0.558464724926
1.75565611363 -0.38215090601
1.96142577751 -0.184699676901
2.48659449244 -0.0162143578439
3.06489141472 0.00941080132451
3.64379407016 -0.0730123709702
4.14220719892 -0.187746231895
4.65840364173 -0.225802531394
5.17422220291 0.0547083764316
5.35481695051 0.383188302569
5.53935307261 0.65173487151
5.56170093005 0.632927480114
5.45016545853 0.377958915206
5.12680420133 -0.0852794549751
5.0871672053 -0.571301465591
4.63328349001 -1.02815054117
3.9178425439 -1.59269409774
3.32536117518 -1.91908570579
3.26412172124 -1.97132673599
3.60845718346 -1.88592959687
4.05462926659 -1.54790381273
4.74457999765 -1.01038582019
5.46273086928 -0.409923663085
5.76826148313 0.0834481704874
5.87912058227 0.250536118421
5.63826482364 0.264330028552
5.39353016813 0.166168222314
5.52675932706 -0.00109809857254
5.6339459175 -0.179639183587
5.63527729397 -1.31886518827
5.61376404226 -0.776620914021
5.35764521393 -0.884888166233
4.74133922881 -0.954199885788
4.42821218073 -0.933604132981
4.37305038062 -0.912710983393
4.28039263711 -0.873588036619
4.32842659788 -0.791556791341
4.078684718 0.338060684923
4.0652514094 -0.0365413055843
3.91187545364 0.214098137638
4.27216698315 1.29303541659
4.44191473676 -0.404275374671
4.61361121618 0.127651298806
4.80978284761 0.212562731381
4.69327132867 0.375957952914
4.76329094933 1.69543455735
5.20315957801 1.13760012619
5.51874533114 -0.151771861586
5.49941244468 0.379150301887
5.35584290349 0.513107920241
5.36653080962 0.917995217575
5.70671994208 1.33185149487
5.76158751014 1.55740066934
5.77614512265 1.69957536481
6.160119729 1.56483949541
6.58839745549 1.28028633576
7.19237299948 0.866694578462
7.86153059201 0.355120749838
8.0895567091 -0.103816527685
8.09255682965 -0.466080093889
7.72268551486 -0.605989882017
7.11890042471 -0.6365391312
7.05987963942 -0.448846375684
7.15409116689 0.00293682812776
7.68069261245 0.594915308827
8.01196941562 1.1095587968
7.896023987 1.56998741398
7.8492132325 1.80963577809
7.75361320953 1.80196629363
7.78209424938 1.44263472918
7.75267698791 0.891275303331
7.54166103741 0.296992498625
7.11981266314 -0.155527310473
6.93493866963 -0.371363320014
5.84282110421 -0.199293714414
6.01837184712 0.296489948389
6.18895078666 0.909943969912
6.24414080539 1.384192574
6.20589643471 1.86153520099
6.09484110114 2.17386274464
6.01443835028 2.42320792539
6.1093710923 2.59106567965
6.6089083529 2.39880959414
7.90500519896 1.71456200252
8.61779585674 1.19718603929
9.14145170315 0.85158903031
9.43681327783 0.64911681335
9.30095675612 0.477513839404
9.17060309775 0.289992186019
9.05597558434 -0.122859067621
8.72631359091 -0.651467783394
8.48095589865 -0.99050483858
8.59641941328 -0.962751980543
8.7852515139 -0.199105205461
8.85848458766 0.450803778073
9.18914954049 1.16530369883
9.60891235899 1.70184768469
9.81603389706 2.04562013413
9.83451126189 2.18014886422
9.51016012932 3.08547438919
9.14973375492 2.2264698328
8.24057399228 1.6092153389
7.41693137569 1.10131895433
6.97665384005 -0.184642962422
6.65246988867 0.231099245989
6.50159175306 0.216624483791
6.24350623258 0.234189741173
5.8175498827 0.184578357581
5.58274411681 -0.0236047426015
5.00359652966 -0.246724354141
4.63276124511 -0.399277542999
4.26452331113 -0.479969767814
3.9393199719 -0.66674951048
3.47921811457 -0.968436179436
3.00186767449 -1.13796769733
2.86684031317 -1.16136039222
2.75923222447 -1.08353078195
2.86794487161 -0.934734055599
3.08042445206 -0.798241841563
3.52011518831 -0.605258886076
3.83954646913 -0.233499204197
4.22322346621 0.281511817408
4.31847870969 0.623186132104
4.14443035108 0.762626160469
3.77249340127 0.822026242055
3.58416184994 0.786270060616
3.71097048747 0.663288861525
3.91278999076 0.544128353384
4.14625419666 0.451165129849
4.24534465229 0.351738283522
4.21797638792 0.0209078653846
3.84013608587 -0.551187807989
3.76905138321 -1.1675768115
3.71143663836 -1.49631515631
3.97998306698 -1.62894857792
4.40909222895 -1.64144236328
4.99103770936 -1.62880549728
5.65780664051 -1.56137148096
5.78683477963 -1.46537115794
5.74496737676 -1.35148872679
5.74488050117 -1.00647468517
5.566122438 -0.52935351242
5.68066943428 -0.0210326558211
5.59069890861 0.413280855316
5.51635393998 0.757194039877
5.38142229816 0.861333244366
5.21267592299 0.75607926655
5.41719982411 0.584498695654
5.19706571644 0.243737466633
5.36294577456 -0.259595633752
5.17483550297 -0.841952217823
4.67069899232 -1.37248388408
3.88554307096 -1.84879582647
3.3911059785 -1.94944420547
3.37108402717 -1.6211210336
4.07227236726 -1.10916779727
4.89075334553 -0.639293134147
5.1074474224 -0.384105063624
5.37899878479 -0.312587775542
5.38273552297 -0.310501403049
5.36677746712 -0.244904820815
5.14773141303 0.0950023062809
5.08860529172 0.592993382863
5.06178472682 1.04786199877
4.73401045425 1.20232616396
4.38894754787 0.951618861509
4.4161608513 0.273150412818
4.6407256061 -0.464448029903
4.61082958429 -1.04967899473
4.21797794544 -2.4952474447
3.62211941852 -2.0439092944
3.13278163644 -1.89309066439
3.48070268269 -1.7267878135
3.99865301781 -1.6355926119
4.61021692098 -1.52241123853
4.8694730283 -1.35966169348
5.3123082976 -0.958921569873
5.74376115302 -0.429098465866
5.86415533409 1.91152519693
5.96315913381 -0.376498807037
5.47342219139 0.144821909892
5.27930094247 0.341776467176
5.18849593355 0.647630862042
5.11020718048 2.09119673757
4.9869299395 1.90490908356
5.16529098846 1.73864878381
5.33852746238 1.50539711474
5.50198864201 1.3410799235
5.88155535346 1.38701968933
6.12162324834 0.55766411162
6.28295263647 1.29060913252
6.4060906587 1.1644005875
6.4143768664 0.96024714136
6.58139901351 0.6209944883
6.94547983127 0.0794217062187
7.19300565373 -0.429209309663
7.00130940157 -0.55916934884
6.93346403302 -0.335147932244
6.75446302816 0.060817296807
6.911228569 0.657173833566
6.94934630208 1.18154927509
7.10506471809 1.68334823428
7.43122637312 1.91263486934
7.73104318363 1.89197532256
7.88398264672 1.71693560787
8.09424317115 1.30516009998
7.88288066064 0.803540738017
7.80675672491 0.279720130616
7.53015545985 -0.161326831124
7.17865940234 -0.254743153978
6.77241070979 -0.0152533948323
7.05504695104 0.844195705016
6.94056286589 1.28828912988
6.72525132018 1.70443691906
6.68022506127 2.03094193796
6.51678541815 2.14237987367
6.42466773108 2.17906089067
6.4170178102 2.04339338573
6.26070267556 1.62007021172
6.51258928906 1.0729398071
6.45352932086 0.494628106474
6.47047904204 -0.0297978694061
6.28237919516 -0.177714598222
5.9495555657 -0.0784004683844
5.97089625767 0.179816943234
5.80675096265 0.390410296792
5.75801053229 0.494775496803
5.73396676564 0.38403894145
5.39784809265 0.197795064214
5.23046743401 0.0893798902772
4.8956923317 0.163450885068
4.73586806404 0.581066765477
4.7762821914 1.01183607838
5.37503247508 1.31900842515
6.05308146816 1.733067968
6.72331414965 3.04916553493
7.30333833532 2.5240804768
7.77588901116 2.28155789733
8.18595410207 1.90614813567
8.51441611189 1.45857999965
9.05363104415 0.113891637441
9.53131361632 0.441313903625
9.70500668963 1.30978816948
9.89056468729 -0.506775696835
9.88696317535 -0.383702782235
9.71702476032 -1.7433721519
9.82663553357 -1.11060641445
10.0169535536 -0.80243534921
10.242772488 -0.403136986756
10.1741967218 0.625489050464
9.99475063932 -0.26695497916
9.96019538925 -0.59259015534
10.059693289 -0.955082303789
9.6429751528 -1.40866643791
8.87333305466 -2.90002192089
7.99394116118 -2.43061856885
7.22443580664 -2.30414573498
6.43504688638 -1.12675222898
5.47725208906 -1.52076898857
4.984074427 -1.28876342693
4.76170556306 -1.07513716067
4.94206152024 -0.751198160217
5.49913447081 -0.344232806094
5.77464932149 -0.0849559466605
5.92346952808 0.0695929974503
5.9253283539 0.207073517662
5.92535097442 0.261715643424
5.7799942949 0.014034633614
5.47586884185 -0.368537696217
5.11472122269 -0.800902325157
4.42577535888 -1.35307858315
3.38807738992 -1.91587795216
2.48252116816 -2.12738109136
2.18761479656 -1.9722009781
3.32348281277 -1.62190703043
4.42049943117 -1.41860047043
5.35349493485 -1.4882183402
6.2752706916 -1.62732006163
7.38895476574 -1.57621071919
8.35783521926 -1.2813490993
8.94220933529 -0.786054281865
9.36188177407 -0.191156127329
9.20302465361 0.358497323496
8.93352192108 0.626666582511
8.73471896066 0.597220249403
8.67276140723 0.349047343035
8.73446516423 -0.00363390170466
8.78814916709 -0.373649672328
8.7329918646 -0.679262573543
8.22583912301 -0.992920285751
7.62523897291 -1.18775124382
6.65439403112 -1.24882278981
5.72687647366 -0.996415201017
4.99171896308 -0.605252620132
4.9026147002 -0.230516911717
4.94292989273 -0.0398928585783
4.94350244294 -0.118367320141
4.85063529033 -0.408724528977
4.53039301892 -0.818541949292
4.24954205754 -1.1806452639
3.73176935582 -1.50686781487
3.12741990792 -2.65631101754
2.99441626084 -1.87093532356
2.99452960649 -1.52275956489
3.35457508643 -1.1501216197
3.70253603084 -0.74976552544
3.96429308672 -0.463427988082
4.27582267042 0.619525021295
4.16483672238 -0.0777622531894
4.06041851115 -0.118824047258
3.89404269451 0.00636576256226
3.72846758871 0.382396104672
3.82079765618 0.819918095964
4.00425382761 2.08547584092
4.24485669127 1.68076918193
4.67618049915 1.60607104011
5.26794844528 1.51214134266
5.97239208032 1.44805189137
6.90634268508 1.46538470215
7.58059558596 0.622613153243
8.21708015685 1.38773759176
8.80462123628 1.19392553693
8.93330442954 1.0051015182
9.43981260374 0.932384584018
9.81483892942 0.748855385379
10.3559923126 0.599693257285
10.7433201162 0.496241030892
10.8461720394 0.422414402126
10.8113727926 0.366624429945
10.5917494282 0.505317663571
10.5457953709 0.739615694999
10.054528046 0.952234807859
9.82384011352 1.10966595793
8.6590879574 0.864694585809
8.23612208348 0.576643499749
7.8475235913 0.38405780894
7.60312659237 0.418568879449
7.23613916525 0.621865633181
7.02951358134 0.893465078195
7.00884869588 1.16668189235
6.88414396619 1.30164965583
6.87890879126 1.17942758045
6.78250597445 0.826637768896
6.86326416496 0.387885388962
6.65785948152 0.18330029297
6.65545315775 0.296110680991
6.64906998955 0.593415329874
6.83727667793 0.83788545935
6.54404676105 1.20955450403
6.24739527983 1.55684977294
5.59702811864 1.81055133147
5.23554646227 1.97785212137
4.83122619484 1.85408647656
4.93977289725 1.54936978959
5.90269913662 0.649550438945
6.14078632848 0.167364693268
6.28493421854 -0.0770977511675
6.13541684791 -0.0817580069021
5.68108605189 0.0202705531007
5.45207122352 0.0323240100143
5.38397523016 -0.0930731984658
5.16548709743 -0.0878155161159
4.63123677279 0.0942193695402
4.5214482892 0.60092887532
4.62322257489 1.20986513035
4.84571886294 1.78869725489
4.97981156447 3.1215304407
5.49741200635 2.29732066224
6.13432224497 0.718649258546
7.01140045976 0.863908426861
7.78966961766 0.564305149708
7.7552632774 0.346332059513
7.87908760211 0.150107201453
7.69127386274 -1.06429539235
7.74923044497 -0.75200147017
7.51944557745 -1.03602977113
7.47956328036 -1.27140759964
7.50677100569 -1.41367465617
7.56999240485 -1.41564845675
7.25294132824 -0.462710164295
6.9038495553 -1.19357508397
6.59983470995 -1.2727781584
6.07897256707 -1.26063177381
5.47416541204 -1.08072228724
4.9886189106 -0.723838994345
4.49997489981 -0.266004838124
4.51988921488 0.145439595581
4.65778025597 0.30892235618
4.73986441697 0.210984866285
4.7336155482 -0.0558267622337
4.73386344208 -0.353537689941
4.25585263897 -0.725371947757
3.74184764496 -1.09087772851
3.24894845937 -1.25898736748
2.85301737776 -1.34239645453
2.86989622855 -1.44177099136
3.16539052912 -1.66422067674
3.68915523711 -2.00554643947
4.47309487914 -2.33142082694
5.35839070768 -2.59466797873
6.22512707436 -2.58119923829
7.04252176932 -2.12666095085
8.01291004278 -1.43798199004
8.48764682426 -0.805925334353
8.73307592991 -0.217459094406
8.83843637534 0.246584809241
8.87328320376 0.409393869864
8.6614803102 0.4118305369
8.44856902195 0.402496562381
8.23770391076 0.438103844669
8.20952556239 0.552864529365
8.16799146173 0.502825013878
7.95793022032 0.166678321377
7.57655959698 -0.472677721879
7.38773120452 -1.16029627392
6.52684652744 -1.73003648067
5.62337899181 -2.09504977407
4.94873648939 -2.02606798591
5.10120497607 -1.61366667818
5.43939113863 -1.10793115256
6.17173149541 -0.623162336254
6.52932292068 -0.402174053227
6.44821106986 -0.34682661549
6.24975446793 -0.365882075606
6.23653410214 -0.341680756229
6.09461441528 -0.327565938382
5.78204220522 -0.486202904137
5.47588879757 -0.6818204597
5.18013539716 -1.76957494078
4.84837461708 -1.07194470917
4.30046605505 -0.792769821734
3.84908396768 -0.566895162666
3.51599958583 0.545398073788
3.37778324776 -0.219608805001
3.24466190998 -1.53771615639
2.99072862837 -1.05511082468
2.68802071339 0.387261191449
2.77376832621 0.016401108356
2.60667327619 -0.0138556222296
2.31931832574 -0.184183721666
2.14215507652 -0.269407166875
2.53901489498 -1.11581223437
2.89055522179 0.597536279574
3.29273738502 0.0277008713637
3.42689578704 0.120464324958
3.64818879801 1.42963589333
4.2227777199 0.986869868881
4.62829382759 -0.307030719396
4.78206357637 0.167329887198
4.47900346675 0.187941700833
4.52878537519 0.531273255919
4.73104328131 1.05063359785
4.52196629436 1.56854565122
4.2204385612 1.76753706274
4.24780980959 1.70966234121
4.57878810599 1.34941589471
5.63002293223 0.921799257391
6.35972175548 0.384924475674
6.74394838498 0.0218738737879
6.91625626681 -0.12113211959
6.77289625394 -0.0145424908659
6.68352541821 0.167518703978
7.0050267628 0.288739835092
7.33938977797 0.381854630552
7.51135532434 0.585949968966
7.72082929941 0.947852619241
7.73077128147 1.33814552695
7.85153580883 1.66087836948
7.8540195923 1.62970327648
8.09014476456 1.22773716541
8.01449082792 0.821462391356
8.05218021072 0.332571088816
8.00398833467 -0.129466816078
7.84586475569 -0.437027259321
7.54321846146 -0.336110324783
7.65580101594 0.0690247448448
8.05341534426 0.644656943955
8.19119406053 1.23025744756
7.87466563197 1.73353557719
7.93921495234 2.18380908281
7.69037255678 2.50590163502
7.64207529821 2.62429831516
7.60286803451 2.32450257667
7.83908233641 1.82968043235
7.92100795457 1.32265283058
8.20452824392 0.82860229912
8.11716421277 0.573911877636
8.09429325484 0.48293916776
8.02750492262 0.412125827233
7.97618668782 0.398812921795
7.77563186979 0.495107009782
7.76241874038 0.498870372774
7.58699842177 0.420114777474
7.75360841877 0.200375217294
7.59584256254 -0.193325539265
7.42765066911 -0.374045697897
7.25209527785 -0.12195168125
7.10263341187 0.302556586943
7.44877414157 0.73835634637
7.41880546858 1.11423805044
7.30672438714 1.44992428707
6.78615148992 2.68929515814
5.92205788366 2.14317727759
5.2345825376 1.99820756803
4.94299865238 1.74823598856
4.76398306192 0.3954074846
4.80163299425 0.733716702191
5.41171943601 0.59539758837
5.56282015918 1.43616970958
5.61382585689 -0.501156805285
5.58978072916 -0.246037733414
5.34883505238 -1.43692570704
5.34899312034 -0.686814230899
5.37932024614 -0.42219370135
5.26371129627 0.577838969984
4.7473316478 -0.424764773774
4.23600005994 -1.98220866031
3.55226602572 -1.49188834892
3.16032660637 -0.45773397188
2.51534218951 -1.17361917729
2.24248990211 -1.20606513541
2.05446039297 -1.19320880498
2.25531514651 -1.12455021791
2.6843100082 -0.92312857873
3.50188169561 -0.652995260558
4.13053406567 -0.374625870502
4.69663867888 -0.372024897056
5.05700423907 -0.535621226192
5.29191595086 -0.554719403675
5.67429587411 -0.370424302409
5.99841165893 -0.13543580474
6.00242525853 -0.0541947368808
5.85810924788 -0.0882550505135
5.47683924008 -0.113944962429
5.4721888068 -0.172699499548
5.23673460811 -0.285768980114
4.99960075322 -0.286315221145
4.60524534349 -0.265972475338
4.31006798243 -0.256743614311
3.84120914227 -0.251223212025
3.53055722653 -0.266368170047
3.22743038828 -0.465646894729
3.02775126504 -0.688659926708
2.49592705051 -0.931533328058
2.1937520739 -1.12110533745
2.03676957686 -1.0192226341
2.31073984095 -0.801922561994
2.58934448453 -0.679286870841
2.99218079571 -0.7989851728
3.48174546413 -1.1639285596
4.1672023292 -1.49801891725
5.10329639641 -1.80390592119
5.62784453287 -1.80888190234
6.35485611029 -1.58063803539
6.77175273435 -1.1928518251
6.83063814682 -0.72872016702
6.9189753775 -0.155660650251
7.07719913404 0.334458536549
7.08864786627 0.6490973619
6.95163741954 0.758804043304
7.02931894995 0.607256572413
7.10663132597 0.00750405036105
7.36162419616 -0.687752628119
7.39611688702 -1.22909157741
6.93787569505 -1.5512032654
6.58750604456 -2.56707722944
6.08623414872 -1.71197782194
5.60188474392 -1.36674757505
5.01516462836 -1.07652727727
4.4885829659 -0.963227903125
4.28175297316 -0.99082214593
4.13754919936 -0.938500041984
3.99321798758 -0.877946885218
3.83032797959 -0.802627562802
3.72802429096 0.25669361183
3.51457571989 -0.146350878445
3.50810410814 0.163791286516
3.69421273234 1.26885095858
4.06078327551 -0.617394733453
4.11648865605 -0.162673239063
3.79157932498 0.0109993513759
3.96572930264 1.49595120977
4.160527308 1.33388809687
4.53358739576 1.24435494711
4.8598961124 1.01186279433
5.03879113137 -0.0943896824631
5.14355831197 0.720840342013
5.37967561974 1.10363277846
5.70595060639 1.45225279052
5.73214728672 1.34152506139
5.96704375096 0.905293902124
6.17815867634 0.354938627595
6.05913356306 -0.191346551825
6.05809810864 -0.570527934777
5.70514307561 -0.73780050784
5.22489586482 -0.497756992871
4.94666553239 0.0415650220292
5.10828491438 0.67284950994
5.37901937553 1.16237040175
5.67108295799 1.63627660674
5.98619422689 1.87133229216
6.35464181165 1.83899264967
6.82471557073 1.68103151522
7.35067915173 1.33286599358
7.57358424223 0.888974600782
7.75935073192 0.393104418385
7.78355591172 -0.0264235682976
7.45824289474 -0.222092037616
7.22125204021 -0.130788275228
7.03662934618 0.167701597786
6.84220702215 0.393860103723
6.85008284765 0.671925480638
6.68301826852 0.895551299498
6.57020665477 1.13016624603
6.19642136788 1.37786279111
5.99670197275 1.58841186007
5.63984518086 1.74554099481
5.63362914885 1.72061470503
5.38351765873 1.36159771599
5.46999178113 0.795675432447
5.22719881708 0.30883358766
5.06198929475 -0.0539235460909
4.90390555234 -0.290502001407
4.55510366531 -0.280297658488
4.23375612154 -0.147479151169
4.08482242218 0.0494398851693
4.08306918501 0.320854178328
3.91815374949 0.696454323514
4.04769231689 0.930881688251
4.08180351165 0.875344693242
4.08559051332 0.838769792183
4.14123801053 0.887396533115
4.13770405054 1.10542359315
4.6086532152 1.36202923571
5.17897302893 1.50709525074
5.6063135643 2.47120060807
6.12245955941 1.59125626856
6.30960985496 1.10138200174
6.36672635168 0.485063426606
6.49247314961 -1.96015527566
6.63988753435 -0.855575123205
6.56738976906 -0.522095385579
6.26097977728 -0.283974757122
5.96038313143 -0.301407545741
5.78757001481 -0.50951698854
5.5542609717 -0.726364959199
4.99291104817 -0.975046991381
4.28461939223 -0.978683118611
3.70301772561 -0.918542574187
3.60822523962 -0.98102312818
3.48663703922 -1.10715801611
3.6352690365 -0.326173702017
3.75415291416 -1.21956790828
4.14216554134 -1.60318045222
4.47385869703 -1.86337318109
4.88482866314 -2.18456572634
5.33487503771 -2.53731649989
5.82395156815 -2.93208785445
6.32824500333 2.91903997488
6.83891372697 2.50613889585
7.27101807435 2.27655515332
7.61872137121 2.27481101551
7.91644816262 2.3007926782
8.25846524237 2.27283167289
8.12387544375 2.25772111751
8.05247082763 2.2300257328
