9.11878150262 0.116882333458
8.94316319537 0.066365159711
8.76890596453 -0.0553206869426
8.43388256504 -0.173686933782
8.26127564712 -0.316621246122
7.93458764322 -0.337027869629
7.43179175693 -0.135333536127
7.09309383171 0.323411744561
6.57984420667 1.02969835367
5.75277922158 1.58457206132
4.90234584323 1.87168935313
3.87647428187 1.98841179658
3.48612950999 1.94611194357
3.68589118403 1.66088347008
4.32518577961 1.36689552423
5.17325708338 1.1279776383
5.90175768969 0.805715121185
6.71959097575 0.250521723756
6.64358572544 -0.378755369135
6.4036659332 -0.845026773117
5.9708296915 -1.20209947954
6.11065513783 -1.35273023785
6.65835744146 -1.19820937444
7.88594571184 -0.715340276049
8.93711584956 -0.11256553004
9.48313296816 0.503082077839
9.48998644967 0.90639578069
10.1102306932 0.977994643153
9.81530659207 0.969870902504
9.36107194377 0.863293942103
9.27098062871 0.776489631964
9.0637486317 0.75070698931
9.0488192384 0.773181481409
9.04871457651 0.79151642599
8.68393326124 0.850241370238
8.51033274587 0.972101599223
8.35308391433 1.14774474757
8.03039535986 1.29322214489
7.75854151079 1.45755316912
6.95742562582 1.51208786993
6.43254078462 1.35934808562
5.67687674942 1.17577108583
5.03830174188 1.05596855981
4.33283116001 1.00047703361
3.54124737253 0.980008209137
3.12106972483 0.951829201327
2.51160415426 0.911046986506
2.26316797958 0.874985020805
2.31062668154 0.849748416361
2.58471290608 0.834140932227
3.05046856238 0.835888691674
3.53339648598 0.840466684864
4.20950453038 0.887644106421
4.91057319102 0.937011840121
5.60254714068 0.991469341323
6.3251432234 0.852432633887
6.77463805628 0.369288471857
7.10363068607 -0.217277893705
7.06723346562 -0.717566493489
7.13805630758 -0.923079881574
7.93142932484 -0.787448316698
8.77192163907 -0.363086903875
9.28073014999 0.352344713409
9.31581182641 1.11993238066
8.96089034805 1.74278108233
9.0565894831 2.17800267593
9.3132821653 2.38013474125
9.95696307783 2.3163082716
10.6355340755 2.88337616518
11.0529274896 1.66108135135
11.083739583 1.03822743805
11.0230666352 0.409066426205
10.745018115 -1.90282045679
10.5482177122 -0.609445167099
10.5577854973 -0.268395824722
10.3761264701 2.06093462912
10.5343463663 0.958229292324
10.5242039446 0.969372279315
10.9207670965 -0.0928373814977
11.3588444136 0.290555794341
11.4723032975 -0.065087168329
11.328427881 -0.391559717971
11.5051409792 -0.543688730164
11.5953242074 -0.566629398492
11.7083960618 -1.27276688647
11.6629583885 0.6651217356
11.675752233 0.346730385364
11.8906606145 0.527458739234
12.1404897025 1.3017850214
12.4089023394 0.392810667742
12.5168529471 -0.70808912964
12.5986815879 0.0870521921947
12.3872919364 0.392975544789
12.3161982073 1.78452642992
12.4453917755 1.46796617438
12.4683753222 1.64702378548
12.4751013367 1.52601692016
12.4783003585 0.410688212128
12.0900201136 1.02364913545
11.6227418741 1.18910407536
10.9810431625 1.58487242984
10.6769272174 1.84594425408
10.6016596947 1.8604812314
11.0488058318 1.76928500727
11.6219513801 1.59453802299
12.6764544272 1.30042059749
13.3241401539 0.909135390024
14.0422998262 0.425859620812
14.1908508917 0.0075728585909
14.1378313936 -0.293604378962
13.877126169 -0.398365662884
13.602844817 -0.365351799895
13.4950763519 -0.218174328766
13.6540370756 -0.121719761078
13.6077909465 -0.142827493149
13.5613647276 -0.287224400785
13.6001415266 -0.491348252803
13.6642293969 -0.638446757235
14.2483631176 -0.678839891952
14.5342772248 -0.567863141847
14.8472391205 -0.256962608074
14.5104092628 0.110535092921
14.0155925433 0.615085751533
13.7174814244 1.24696178568
13.3079588525 1.84509115275
12.7512762627 2.05757493959
11.9694933465 2.15327181523
11.480678159 2.14725856666
11.0826469744 2.1308780784
10.8870054095 2.00028893083
10.7730136978 1.72841535183
10.8724024874 1.30251197352
10.7505952007 0.839378127819
10.9734301802 0.467409086779
10.7760883571 0.172691375844
10.3936458894 -0.0505316764295
10.2690148733 -0.117236262285
10.2087149651 -0.115042817036
10.1964345969 -0.0372069621012
10.2320150796 0.0793917897883
10.4160689219 0.186142805009
10.2214366408 0.270885544599
10.3663565207 0.327671880227
10.3643126102 0.358913507786
10.1323565088 0.348415639444
10.0000847239 0.399952554688
9.94257249698 0.56608101441
9.69694897484 0.759362979176
9.59938650895 0.99372474667
9.17191616005 1.18324747673
8.51105215426 1.3487872164
7.79260449215 1.5127657808
6.8902920524 1.66116247461
5.85590059495 1.78909939655
4.8244320193 1.89839904198
3.79777871379 1.98783662023
3.09168398687 2.01907179462
2.60710204522 2.05433714155
3.02567994707 2.09719672172
3.81055033374 2.09793430035
4.74338049106 2.01083659659
5.43692752504 1.90779345063
6.28756773086 1.64947918963
7.37976526791 1.11092009384
7.68105556323 0.500169355632
7.75781468728 -0.0510516114085
7.14038555738 -0.489984406246
6.72410986017 -0.879441278507
6.44354104681 -1.16553026104
6.93666176948 -2.32238518839
7.63169386678 -1.65481181058
8.44984586323 -1.483028779
9.43397864598 -0.267272925436
10.43787131 -0.591742129589
11.1221800828 -0.145961579029
11.4940563468 0.324246236632
11.5148207179 0.871508917133
11.4753864621 1.30882072335
11.3008554161 1.57431389745
11.2224833182 1.64420423267
11.0232893089 1.61579224628
10.9682460152 1.48791979422
10.6571987155 1.23507619008
10.3572558368 0.980993396832
9.85337478715 0.789189683545
9.3149557348 1.62171130012
8.465751664 0.838991973848
7.62134791095 0.663229301443
6.77729885328 -0.4183488751
6.15132391777 0.21444307586
5.81609359951 0.288430700784
5.37008615193 1.31684938696
5.18254369142 0.572102399589
4.90862410935 0.316016121961
4.68601296392 -0.857032979951
4.46754250742 -1.18112324378
4.29569301111 -0.371479628774
4.13811078846 -0.174347692574
3.683562471 -0.0841701378833
3.53336174976 -0.136007456726
3.63720407448 0.777307891995
4.02563181552 0.0423018208021
4.32051969482 0.0893522068193
4.69282423377 0.266602535001
5.10429873967 0.27025174109
5.67582843889 -0.0640246290815
6.01654695542 -1.28202201754
5.95743734684 -0.707891279154
6.06914746581 -0.671530648148
6.45316646238 0.424293032838
7.2611002667 -0.0439354101325
7.67437566242 1.36598437042
7.79216080026 0.831793838376
7.80565289164 0.903223542519
7.93306281633 0.983707385762
7.9544586319 1.02913939494
8.21133247058 0.182119604609
8.34843208413 1.05574267854
8.74028592141 1.29753842475
9.47959344885 1.49351223862
10.4514884187 1.54073804705
11.5193908563 1.56119347087
12.639222561 1.50082358829
13.5103570959 1.28466088093
14.04002386 0.971531987297
14.2567016126 0.452255155759
14.3992839288 0.0154487759333
14.2440832178 -0.318095151417
14.0510873475 -0.577094793071
13.878907612 -0.703727404625
13.7808917166 -0.738600434264
13.6506726339 -0.659017197233
13.8116627525 -0.502362105537
13.9323402365 -0.32417662668
13.9215651182 -0.146129422792
14.189472424 0.0441212580457
14.3530094716 0.137468780718
14.4053374047 0.189249642866
14.2463222894 0.378817513552
14.1943717847 0.560612350831
13.7801475359 0.756030940365
13.2819839964 0.937188696874
12.7341878576 1.09137131715
12.133629921 1.2171710161
11.3380521367 1.23731377179
10.4416338737 1.15856279505
9.73745169608 1.03005408444
9.21943721128 0.846285627788
8.85314093235 0.722877514644
8.63977274959 0.614685820262
8.2809378187 0.532117991048
8.3100202213 0.446133325479
8.0639245033 0.415550993175
8.10219034375 0.415859296291
8.00336056816 0.491780354635
8.00216931366 0.533267146343
7.8103901294 0.554674085883
7.71588936267 0.629946670931
7.53802880642 0.653897788654
7.3701516772 0.729094357552
7.05120818154 0.843519215824
6.90240810286 1.01122038814
6.30867777104 1.18401122945
5.74964069421 1.325196689
5.20022928134 1.44194481985
4.45231821547 1.52844425678
3.93552588319 1.62260505083
3.63910857316 1.69611956029
3.60504483966 1.71414955948
4.05323750355 1.68860607606
4.57692544463 1.6823451605
5.37239871344 1.6668229516
6.44615095768 1.5087812761
7.34965377044 1.04984580014
8.04354454809 0.535084997156
8.36476794103 -0.0323922167354
8.20610402906 -0.630517264172
8.07593027168 -1.09507595535
8.41927444961 -1.38779914707
9.49023620961 -1.37296628414
10.7854279036 -1.05060217007
11.9527522665 -0.537282314847
12.6449992161 -0.0198043498718
12.9953260812 0.482777108022
12.990528286 0.840675312477
13.3116681973 0.990979302589
13.4933217308 0.95342986229
13.379501409 0.89816245531
13.0044815081 0.879366087451
12.8200469668 0.858884533502
12.5822123497 0.892418199127
12.1366101054 0.97378304819
11.6644759082 1.08657367486
11.000546843 1.14521610835
10.2320305208 2.08508505972
9.48886531532 1.29760505723
8.9029494288 1.10713533355
8.50854518234 0.91656292065
8.09861849094 -0.188790960527
7.75861383905 0.403861208887
7.79925479695 0.487942892469
7.75623862824 1.46223157682
7.79945581325 0.705562267916
7.97038346861 0.542842514527
8.15385787111 -0.554124719869
8.21844668679 0.0756766532363
8.50123159119 0.19663187357
8.58652491561 0.360813745429
9.09713085995 0.385811040113
9.59093327647 1.20598816766
9.91211953215 0.270013787493
10.4928181135 -0.858974424831
10.7273173715 0.0401438155681
10.8347687564 1.52092390892
11.4449964811 1.06488451979
12.4508889855 0.872236967863
13.2749998993 -0.34074929052
13.9114481246 0.223230531122
14.3058772111 0.296122736556
14.3471449923 0.329565109936
14.4917255725 0.428357702647
14.3775312273 0.513430013187
14.4052407804 0.626463413369
14.1364658678 0.801862227154
14.1110967202 0.972496623102
13.6688875268 1.0927959513
13.1733038891 1.16788798777
12.5899599976 1.16140270524
11.5967990458 1.11200911803
10.7085527964 1.04517512494
9.6104710344 1.01604521786
8.75081468625 0.958875757018
7.69995036103 0.9199757176
6.6378809783 0.866896363497
5.67966010456 0.804742036276
4.43263208553 0.745139480099
3.32599754858 0.667275607978
2.08643960677 0.441852460787
1.20394971881 0.138105449043
1.55400312745 -0.160761581532
1.90991011371 -0.220225765904
2.23692855694 -0.181497558644
2.40401843259 -0.107126419729
2.95220240064 -0.0508097978439
3.15431548921 -0.00666770502774
3.35912183494 0.0498596948214
3.36165761083 0.0801691306714
3.54210327779 0.0951751107018
3.93515456418 0.0737319370893
4.09135257345 0.044745057172
4.29723732722 -0.0463912488173
4.68736426313 -0.25511720369
5.20708436814 -0.790168185979
5.55772245171 -1.20229450984
6.09560689054 -1.28493233625
6.46645286937 -1.37286511017
6.84550656225 -1.74107462136
7.29098244287 -2.11320686661
7.65242735853 -2.09579808157
7.6317740464 -2.09549420778
7.71112903083 -2.36809691798
7.7795835875 -2.65711234258
7.70730474864 -2.66916720401
7.50226792721 -2.62009348471
7.46927467936 -2.66525691458
7.40644815389 -2.83388408035
7.43524847685 -2.9987603009
7.20479637255 2.08860859502
7.13894495384 2.31223496005
6.58198700238 1.77974135179
6.24747298563 1.01409854054
6.21265550528 0.433123816701
6.38414860716 -0.0919888268591
6.24230095963 -0.627883054898
6.00539508211 -0.986318528493
5.45541047844 -1.12388097846
5.17903831941 -1.10355339358
5.22585762252 -0.978202060033
5.70336148042 -0.792658224774
6.13816091634 -0.608916314803
6.43709170054 -0.253560843668
6.74500404805 0.0160745050661
6.82280355148 0.135165641581
6.83968455077 0.153882424467
6.82783992532 0.110252733851
6.94247703727 0.0379987875289
6.86576928346 0.122861184166
6.7832527812 0.319342550491
6.57846701186 0.55670527593
6.43027220284 0.80390830306
6.0847692135 1.19937989173
5.60187843184 1.42910394635
6.28598052145 1.54156988404
7.18921701866 1.54804770085
8.04085844452 1.48712920204
8.72580123115 1.29667537487
9.79911471225 0.890402561829
10.2771246727 0.494828685929
10.4455163423 0.178182530592
10.4459155294 -0.0275192594751
10.3868186434 -0.197357388068
10.2931391167 -0.33110581365
10.4696395728 -0.391464328557
10.4256287172 -0.371649285601
10.8105239934 -0.304807745437
11.1062084085 -0.21500568902
11.6252338424 -0.0824995449769
12.0071139541 0.0483363890108
12.2250264408 0.250183583809
12.4411384698 0.503981409103
12.2625314444 0.777284242405
12.0616408983 1.02406624185
11.6564485235 1.23328932909
10.9039635098 1.43479661116
10.1762369345 1.65232109761
9.31710069238 1.8201574115
8.13054008618 1.90233406963
6.95243885907 1.90895700155
6.09057629018 1.83210930088
5.24167647884 1.72698395626
4.91151439093 1.66677663189
4.97131920675 1.47404146105
5.39019934652 1.14122491717
5.63477766474 0.780219192841
5.75328423243 0.300466727194
5.54892438225 -0.163964562231
5.60998709161 -0.40747642447
5.7287676366 -0.485936173766
6.10752652538 -0.513333670778
6.40489165138 -0.463517033556
6.93012846869 -0.36829822453
7.35538835382 -0.229039030348
7.74517705407 0.138161976511
7.98157603521 0.470941958427
8.13245247848 0.669457231535
7.82432809499 0.82184928083
7.44949148397 0.977499659738
6.84744135958 1.10545139767
6.25189531455 1.18091456111
5.74777465918 1.26243408488
5.28137828888 1.37837772549
4.75973576379 1.43748017751
4.60442460539 1.47517154739
4.6121696322 1.56444737415
5.25721333538 2.55902190158
6.6311160585 1.85614475717
7.96673167423 1.72005585805
9.00817168717 0.508315156921
10.1815691521 0.719779651001
10.6907428713 0.333089875134
11.1225885177 1.02164958956
11.1971478769 -0.767200508963
11.3424353373 -0.270542370872
11.3442571463 -0.394553754505
11.2710494906 -1.4310161533
10.8955083412 -0.734846642612
10.699790458 -0.571115142463
10.5814018688 -0.361785308781
10.6984056019 0.760317721177
10.8226439567 0.114953721239
10.8241861694 0.00693297353825
11.1000891631 -1.05999158412
10.9307785207 -0.366626684459
10.756325353 -0.250410148554
10.8737901124 0.827101500108
10.7019985999 0.195952284445
10.8094394978 0.213434507099
10.5914446243 0.291563068706
10.4599014842 0.381073983468
10.3653171632 0.515326477491
10.2468755297 0.665498021574
9.95451515032 0.790712512391
9.47286478422 0.92763991641
9.12544667943 1.1047359914
8.84247950564 1.28605283844
8.49577862189 1.35379869925
8.14541792171 1.34624162413
8.10832897903 1.20367266179
8.49889084525 0.89516912535
8.51997155516 0.498803634295
8.58688442625 0.0821658110903
8.37138404253 -0.202820475642
8.28590774808 -0.46755557966
8.05591096822 -0.630801523397
8.0135776519 -0.731836483363
7.92992740705 -0.724664154917
8.12117887211 -0.677555431692
8.42356703857 -0.628495858772
8.80799266239 -0.565586389491
9.24665230279 -0.530619099395
9.85216886316 -0.558908877392
10.2080888681 -0.575110882458
10.6982690197 -0.347610456846
10.8293770278 -0.0656225736236
10.8976649271 0.260538668772
10.6116622029 0.67871027439
9.95527313667 0.98568439849
9.21283514116 1.27285737473
8.48608426889 1.46784912259
7.43077130755 1.57828593822
6.62466666489 1.74316922924
5.77339620499 1.85100210719
5.36678694802 1.84720668425
5.20682251688 1.75080162742
5.37318884771 1.57753071841
5.80461159656 1.36487120784
6.41164870547 1.13558294699
6.80095955743 0.90431579091
7.12832260733 0.675741296201
7.55538912088 0.431758350544
7.31655216941 0.209974644184
7.13484779392 0.0795294917087
7.12547605868 0.000870234615117
7.06947478509 -0.0195501312064
6.99918130296 -0.0468276555061
7.21283851158 -0.00713020069265
7.47556272701 0.122835985761
7.63530945375 0.313972393168
7.60036355579 0.521635930181
7.58706874357 0.708605061144
7.7815291639 0.908207154988
7.61880789939 1.10845982196
6.97099380493 1.24977611609
6.46447416473 1.35417061554
5.67572829802 1.45794850301
4.95179873883 1.49172310707
4.18419774274 1.51170671576
3.62720268912 1.42771510777
3.38929058916 1.28696349294
3.2025069819 1.12839029418
3.57758641203 1.03042218115
4.14221992027 0.967830497764
4.83918414462 0.974201661346
5.53779303158 1.00539219125
6.39840969738 0.912749895919
6.93726913019 0.526561280719
7.47269339142 -0.00874130146771
7.59867187563 -0.464879663066
7.66433358178 -0.76144268835
8.43605987023 -0.750896772456
9.26752680321 -0.540363525811
9.93810304317 -0.00460165646125
10.4440891467 0.597244043783
10.4518739681 1.07322760166
10.5283233268 1.34913311355
10.6455501134 1.36285291844
10.7400833456 1.25782313033
10.3253012918 1.111169777
10.1297553328 0.901946508728
9.71504938509 0.794054478601
9.2808287396 0.835853844579
9.10486898296 1.90146469207
8.60076561699 1.25546110843
8.4148032607 1.17417945135
8.35063962635 0.977027956571
8.50502760383 -0.165062339216
8.62542673014 0.357683219522
8.98808894042 0.254173657701
