10.7502337855 1.67642433177
11.5031853323 1.50241150255
12.0097052867 1.13833032569
12.6882477618 0.681261590548
12.915981461 0.319122294245
12.9633999204 0.125416770932
13.0353614331 0.0406583974653
12.9578389954 0.109534875884
13.3355540422 0.268354595416
13.266505786 0.413911659094
13.5107861577 0.711074709385
13.4883083748 1.1169658144
13.3543325978 1.41216062034
13.3354043062 1.49070736377
13.4766930613 1.33863857989
13.2762657093 1.88865816372
13.1478706535 0.633018769695
12.8848295734 -1.94751301689
12.6399991175 -0.810798795108
12.5907948318 0.636372521876
12.5748200349 1.57616082603
12.3813451219 1.28551574959
11.7514563573 1.35208058098
11.1349028232 1.3689475669
10.6038697086 1.32102313385
10.2704238992 1.19000571636
9.97259185752 0.97680280597
9.64157037925 0.846417023438
9.41815169997 -0.210056208685
9.04288955192 0.472460798911
8.90573311758 0.755691591093
8.59914361029 2.09503707229
8.76180254898 1.45200174266
9.02188341181 1.11952482018
9.33517481212 -0.222831644988
9.4209531319 0.210918838661
9.26476703876 0.413730685419
9.54942051913 0.760390116411
9.58726828527 0.951091825486
9.90753662598 0.975635313752
10.1089793517 0.845501344046
10.4109050149 0.595011029386
10.4897645586 0.464253430984
10.2990130324 0.332032848307
10.2835926165 0.291723408316
10.1153289176 0.328625118767
9.94846992476 0.419574562737
9.78512831393 0.521241774134
9.48755086238 0.641019336244
9.36161232163 0.737650240689
9.16338177872 0.8197239247
8.97852121913 0.849884721399
8.68147015275 0.861589499149
8.60429668077 0.778775128636
8.35461823609 0.690071252714
8.250976086 0.587837251793
8.10240830958 0.539977281952
7.8459854557 0.544323843965
7.61734070002 0.639467690666
7.52787780203 0.6561813002
7.50527983476 0.663986263893
7.1369458558 0.6830132625
7.13848853023 0.753168413579
6.99981032731 0.741639850649
7.21284426319 0.747113163885
7.24885783361 0.70617241344
7.02060462354 0.698708549304
7.03378341466 0.659905150811
6.93346462973 0.62279027029
6.81907745258 0.605449769032
6.72401184477 0.587416656878
6.64982437888 0.594773278549
6.42910342083 0.625958515933
6.40109326905 0.625290968739
6.3981313278 0.640994879862
6.26683785301 0.635832603888
6.21368684988 0.624495545037
6.17089634941 0.557400236939
6.13800494538 0.531958927381
5.86826394915 0.426731159506
5.86503901998 0.401092879971
5.85296927868 0.393625582533
5.60645909941 0.422051763608
5.72481295056 0.496559615219
6.21845278339 0.566163316616
6.72676663865 0.653386988634
7.39783051001 0.76464730342
8.06279072613 0.932632119633
8.51485082909 1.07177476934
8.95028274153 1.16303221168
9.2722821864 1.16158867054
9.87754832864 1.11486855938
10.5267497811 1.05856130738
11.0341041315 0.936904746024
11.2909226429 0.813018225743
11.4739098955 0.687762876437
11.6036878714 0.480916190302
11.5814919783 0.112202160478
11.7001085186 -0.168475379493
11.7028121086 -0.253699148325
11.9543089329 -0.224542901457
11.9684039248 -0.0451330877259
12.228349877 0.444795844617
12.4605911244 0.794587176059
12.4489702462 1.03210625569
