12.8795159771 -0.578973652887
12.9981505741 -0.51550306319
13.2003143427 -0.604114081829
13.1983367621 -0.791595565938
13.1246693476 -0.893781043156
13.1103160389 -1.02794483163
13.0682203017 -1.09059998079
13.3421504061 -0.890001281031
13.8669898173 -0.597031415257
14.2396168663 -0.279106471563
14.7884386458 0.0195027560856
15.1635194999 0.107193653977
15.7458473417 0.0752669091811
16.014566026 -0.213814629143
16.2864416716 -0.583495462528
16.5627472213 -0.853133888643
16.646787758 -1.02231262944
16.8557925811 -1.06548002049
17.2229984613 -0.977715572858
17.6919451632 -0.825531477375
17.8794884412 -0.68452019215
18.0789763088 -0.574356505231
18.1482489571 -0.596743619883
18.0053426213 -0.75981173233
17.7500936638 -1.03955437565
17.3501341763 -2.24601774664
16.6910871485 -1.66111101399
15.9762933332 -1.55073069412
15.4200033311 -1.40970667206
14.6754217993 -0.362563372476
14.5452910342 -1.09250389349
14.5108227891 -2.18218989818
14.1958558923 -1.50302787965
13.9815555809 -1.21328033479
13.6991709378 -0.846632779563
13.6197659963 -0.475920971933
13.5791399764 -0.219548331016
13.7924988144 0.75349206736
13.8614788262 -0.126788425292
14.0181396863 -1.48019851569
12.4080113208 -1.03198434223
12.4796493604 -0.901573678088
12.5080367832 -0.623465245055
12.9580503506 0.485417696636
14.2047093668 -0.281428357685
14.2413282449 -0.622279542007
14.2801528457 -1.1348680394
13.8426598042 -2.43150214346
13.6756212729 -1.71366360718
13.3574597141 -0.513792503414
11.9222009183 -0.861548152831
11.346968793 -0.811713326414
15.9528374474 -0.191711089997
16.096846477 -0.600693040926
16.2059496378 -0.685853487801
16.3488169014 -0.733011286652
16.5252052364 -0.794599808434
16.5549271079 -0.851883780991
16.6201654961 -0.966527536053
16.4186373398 -1.05212367304
16.4324141245 -1.1164879634
16.1820855544 -1.17268622599
15.9931868171 -1.24513414418
15.8719417359 -2.10666914367
15.5261203905 -1.21131278389
15.4552687414 -0.864233987506
15.1976773433 -0.642017552867
14.8719815946 0.366437198026
14.7190339824 -0.476030317932
14.6949659263 -1.6544322135
14.4464344181 -1.13817699708
14.1180121736 -1.15870768818
13.7365320134 -1.10088295849
13.4292581284 -0.840669047384
13.3720854851 -0.563150603656
13.5201316605 -0.320821898034
13.6869352732 0.777623439769
14.1058861149 0.00418621646735
14.2759405293 -0.368632940683
14.3741638762 -1.74981948869
14.0542615397 -1.2616594652
14.1205587352 -1.02213907305
14.2115395701 -0.713502991608
14.5885919301 0.515511351682
14.5211576675 0.00768387427789
15.0436901072 -0.161662192582
15.2138107626 -0.65847070326
15.39738564 -1.98828093996
14.8020568147 -1.43851319767
14.4061644462 -0.333076613225
13.9034055035 -0.903207310292
13.4519480469 -1.00621442361
12.8487367988 -1.17582742334
11.8547315073 -1.37543146331
11.1123846834 -1.55451662834
10.0645195646 -1.61731575479
9.40000538257 -1.39989327368
8.72021177969 -1.04066735584
9.81936099117 -0.280503160334
10.4680935438 0.152417522667
10.8225249343 0.546512789473
10.9789531226 0.744135293723
11.1287939052 0.691427332238
11.2910698253 0.33595956656
11.4610752098 -0.192028594708
11.142233357 -0.770379789041
10.8676923694 -1.17838870468
10.9273205944 -1.37640142488
11.2074079972 -1.28752664889
11.292455249 -1.01219870415
11.3348250586 -0.753195731757
10.8385550691 -0.376543585543
10.6394685157 -0.448031696521
10.2921543944 -0.611257308802
9.59919041988 -0.900542350187
9.52818155619 -0.908334541035
10.0326172245 -0.75682483782
10.3365650492 -0.439414350227
10.5336657825 -0.065153172102
11.1168777891 0.279538905684
11.3218607329 0.500363640371
11.5057804707 0.557774181531
11.6496486256 0.41499438721
11.6515426499 0.157739797423
11.6431179046 -0.0835703476424
11.662238884 -0.38546131153
11.7294776322 -0.614948339315
11.8669291619 -0.824480433569
12.1072198817 -0.861907924199
12.5467874883 -0.835765911598
12.6352888184 -0.723429673541
12.8783374263 -0.658443571134
12.6294975189 -0.735124059203
12.3440199158 -0.929368218754
11.8698373616 -1.12764662233
11.5840279734 -1.1673080134
11.1671829539 -0.970062670701
11.2347326232 -0.685333636687
11.4213780565 -0.438375266171
11.9014382991 -0.30604600667
11.843663364 -0.241422477867
12.0965867503 -0.274031465994
12.2010810511 -0.34557192698
12.2571503326 -0.418171276955
12.3256476336 -0.518353797035
12.4070463925 -0.581566695887
12.4700025008 -0.638938592949
12.7042693535 -0.638364905047
12.8296800459 -0.595945633367
12.9779987777 -0.570974061798
13.312856411 -0.51709453439
13.5020660144 -0.484190039631
13.5454515477 -0.512035430839
13.5857734836 -0.593762923166
13.4448936001 -0.699749288705
13.562655993 -0.848331031768
13.3552099452 -1.02012121292
13.3318661414 -1.17517315609
12.9242348654 -2.20617669421
12.7295261384 -1.5165151233
12.304216679 -1.37504997355
12.0672459793 -1.25006224615
11.7250701069 -0.0648356928795
11.5797880817 -0.615424537909
11.5966661368 -1.45355128686
11.773044541 -0.596369936516
11.8055843563 -0.459383349767
11.4531441026 -0.416887870007
11.2022776189 -0.392501455487
11.0947205878 -0.509242139631
10.7443084336 -0.733927373928
10.6473149806 -0.868671645402
10.5341883909 -0.996256463832
10.3180547063 -1.12190231865
10.3491666501 -1.01963704992
10.387289136 -0.833883772169
10.4492229383 0.408208545914
10.7262004848 0.0734202332657
11.0852140078 0.171408157597
11.9941660139 -0.449010532597
10.8625547393 0.875713087928
11.3116511978 0.808860688411
11.6969507808 0.660622033118
11.7476737519 0.340111131036
11.7755439172 -0.0323663577488
11.7486872788 -0.358164584444
11.889156136 -0.601127252143
12.3333963071 -0.628823444076
12.6388852847 -0.474105869985
12.9948956918 -0.293967037419
13.2483352764 -0.104007467728
13.4670463018 -0.0115968310868
13.5295742192 -0.159705004317
13.2739731167 -0.453066326868
12.7516220102 -0.790427342232
12.2652949224 -1.08322625747
11.8874051051 -1.32793342276
11.6645727756 -1.34291513789
11.5904115002 -1.17501330913
11.5961025592 -0.902018881829
11.3452541562 -0.664226013088
10.9924013877 -0.52399170957
10.6952551234 -0.422736448716
10.5346451753 -0.456261833577
10.3188107789 -0.552383297037
10.0626424588 -0.616941591602
9.75316907008 -0.643354376105
9.71988925043 -0.627828990533
9.97199340875 -0.624818522732
10.3681657447 -0.607087307307
10.8910309433 -0.48882288012
11.4783863136 -0.31266086978
11.6795775516 -0.107927412429
11.792179326 0.0817446728794
11.8517485225 0.220921005295
12.3131510256 0.198592848967
12.3812708701 0.0693719820346
12.6144735212 -0.182624870786
12.8191031215 -0.463863736049
12.7153754612 -0.805120727485
11.9509993224 -1.12055025734
11.70073068 -1.2235151309
11.9512068476 -1.18099690247
12.2274064007 -1.10532746234
12.2423728723 -0.921516567806
12.444625673 -0.578672820784
12.7989227556 -0.265844095791
12.9620279124 -0.0863391146136
13.188367946 -0.0819137523414
13.4161819338 -0.124945292662
13.5717971848 -0.231248751472
13.656740724 -0.382709067198
13.7734386997 -0.556260846675
13.919569592 -0.722153696511
14.049676364 -0.738158346813
14.5518981567 -0.690406238521
14.9658886404 -0.503513119906
15.4224635321 -0.315400422538
15.89086366 -0.19896100786
16.2285605357 -0.18107831272
16.5401778935 -0.224978764012
16.7102760561 -0.321123240118
17.0359443392 -0.43234346245
17.3726205698 -0.569912370676
17.3650485623 -0.755598967999
17.1954970141 -0.963659939752
17.2168302678 -1.12117141057
16.940328392 -1.21659951695
16.557197733 -1.33800097745
16.231445788 -2.34874087811
15.7585889131 -1.53492985478
15.2999246715 -1.20615832598
14.7287037283 -0.895680847783
14.2710868394 0.194968061105
14.0503343822 -1.5428205292
13.7309179518 -1.06435247077
13.3975434986 -1.17342761934
12.8038039433 -1.27699399082
11.9784176339 -1.29434015451
11.3361386279 -1.22203833056
11.0034938861 -0.988780678212
10.9889345987 -0.603840620437
11.1387508724 0.715312847699
11.4449584842 0.175766748083
11.7562936306 -0.0557476044211
12.0927534409 -1.42108826454
12.0072107018 -1.05613238325
11.5834780736 -1.08904787039
11.7690303077 -0.944781260659
11.9643043252 -0.679856301697
12.5054795642 0.546507397635
12.7749848416 -0.0603904249679
12.9148511885 -0.232414216142
13.0563544339 -0.476643453478
13.1680232324 -1.64945332567
12.9025921907 -1.12418345374
12.6137788677 -1.05828057409
12.3728715893 0.0853813859457
12.2166132801 -0.609458535333
11.9170868993 -0.886437495004
11.6581505477 -1.3181540814
11.0922036732 -2.55349825302
10.4254206152 -1.85027052461
9.82081421302 -0.59141285401
9.42031237092 -1.0117057943
8.96891424622 -0.918590312372
8.83495129423 -0.908433531683
8.81942937705 -0.874901860714
8.71153560509 -0.732568116601
8.95347421493 -0.516968831832
11.8908343882 0.0513375212655
12.256413813 0.202472183692
12.886165314 0.421889676686
13.066361459 0.490722279387
13.3629937696 0.446056529125
13.4179741767 0.290321900484
13.6444707735 0.0860345864095
13.7577844486 -0.0873238957824
14.0016324254 -0.267201021896
14.4398514666 -0.300749117727
14.7374758834 -0.277320625174
15.2241001354 -0.24707004955
15.3365598645 -0.282756088071
15.7066915678 -0.51365294761
15.561995383 -0.718173321534
15.6620009284 -0.949702683389
15.5813407034 -1.16281226629
15.4481664531 -1.23683638281
15.5436119958 -1.15193411269
15.8822365661 -0.923993387928
16.0325197869 -0.624798340748
16.2510862213 -0.395108366251
16.4153621961 -0.30182041585
16.5031902183 -0.226346287759
16.7489768861 -0.19968252484
16.9079069023 -0.255568969008
16.9431213763 -0.375077170523
16.9864011183 -0.479271290431
17.0392258718 -0.564982604254
17.2164150338 -0.629661836517
17.3794212601 -0.674427742086
17.5779231988 -0.60567919782
17.8567035109 -0.421238290321
18.1261110145 -0.245856085644
18.4434616737 -0.13559702334
18.9297406546 -0.16184601469
18.922335224 -0.353800661126
18.9222564033 -0.630900622887
18.8927712653 -0.909839225802
18.7125465674 -1.15908323101
18.5510401714 -1.318131158
17.9508074386 -1.31718677366
17.7216957429 -1.20882495785
17.3854573445 -2.09048967401
17.0592208388 -1.33715149762
16.2976272675 -1.21471915011
15.838712054 -1.12664505257
15.266030374 -0.164742878445
14.7593007808 -0.999691708019
14.3085607233 -2.178785469
13.9991495614 -1.50402186927
13.4533419477 -1.29586046568
13.2165041274 -1.09629690814
12.6710310143 -0.896944277028
12.630584801 -0.694193834631
12.5318269514 -0.538202504172
12.564911829 -0.518872260812
12.3945494487 -0.687779405919
12.0710789233 -0.993119392446
11.8739723269 -1.22758169329
11.9799780503 -1.30621181852
12.0822709063 -1.15191916616
12.4386716741 -0.847518854075
12.7457214239 0.408455247993
12.9221835931 -0.0644325193801
12.7431650106 -0.123587366462
13.1057323259 -0.479995720072
12.9310288471 -1.74445210662
12.9418755549 -1.25908754774
12.4899157265 -1.15070844647
12.0886416185 -0.0430357920454
12.1572907968 -0.590927120455
12.1470132024 -0.556825668319
12.0113836518 -0.67095639626
11.8235214146 -0.861422199467
11.5443991126 -1.00086340268
10.8151983069 -1.05161765863
10.2234743537 -0.998947832195
9.7528160968 -0.909275505057
9.46386780067 -0.777384563919
9.44011819255 -0.605644435314
9.62118908879 -0.433755007365
9.61760519656 -0.257669867327
9.67024429084 -0.113916811269
9.81780243687 -0.00991213761876
10.11612431 0.0611627827382
10.2863509879 0.130265626215
10.2884275277 0.167627206574
10.6291463842 0.189624837206
10.6205669757 0.206250450575
10.6205388964 0.199433822171
10.6189338797 0.125693659171
10.452435189 -0.0530655523598
10.6184696307 -0.208090780956
10.4779940851 -0.365616024692
10.3881530764 -0.502636367679
10.515946332 -0.609981750253
10.5353288719 -0.673494352086
10.5850577637 -0.711531016327
10.5079435245 -0.703366150708
10.5105800313 -0.574571921981
10.400585896 -0.417594213428
10.3339784372 -0.342815492131
9.9843240978 -0.415384015897
9.704808984 -0.598891561748
9.41574866121 -0.880721864727
9.26787655793 -1.12487221345
9.17115638522 -1.26409616491
9.43523396197 -1.15292988301
9.98515562168 -0.825455047402
10.6770438876 -0.459564049053
11.2564441194 -0.0911986553025
11.7502763197 0.276782403299
12.0295460636 0.498023576204
12.5064786949 0.556836495112
12.641943365 0.502211964554
12.7767176589 0.390639457312
12.7376743731 0.212919613386
12.7372111444 -0.0364636653685
12.6447134808 -0.323880247555
12.6642750967 -0.549466664536
12.6828129 -0.746653223091
12.7134845443 -0.818503270582
13.0789452808 -0.787395824066
13.1276984681 -0.723080674034
13.360836003 -0.590566296654
13.32428189 -0.623704967486
13.2076193088 -0.754503067228
13.0153500419 -0.838580299559
12.6309828607 -0.865902962813
12.5371319834 -0.841715260802
12.4986227745 -0.750682869774
12.7579548598 -0.606966122651
13.004752766 -0.38624578628
13.3925287034 -0.150414985868
13.8392732958 0.00145856890565
14.2108045551 0.100387112939
14.4205277704 0.0638390242057
14.6295882924 -0.066263951588
14.8398918794 -0.323308776539
14.7513783408 -0.557582078341
15.1561442323 -0.704905398607
15.1914606614 -0.795865695557
15.5720873267 -0.848788955312
16.0163793687 -0.786597033908
16.3465053435 -0.680777629292
16.5525525244 -0.596468947686
16.9323349528 -0.592665404944
16.9767369924 -0.718073708363
16.8868718278 -0.894532651626
16.6177538207 -1.11704863174
16.4349437806 -2.19799457822
15.9711171179 -1.55154511491
15.4587666347 -1.52311786954
14.6529790034 -1.43400110902
14.0802270231 -1.3331975582
13.7031405907 -1.25021695545
13.4566058564 -1.10365008772
13.4522664478 -0.94870052243
13.5237565761 -0.77911173574
13.6258851785 -0.559983200593
13.7678538865 -0.44527953058
13.6413004886 -0.462383134273
13.5312891975 -0.54507759247
13.2023240017 -0.635403731482
13.0618677289 -0.724309146171
12.7909315391 -0.79660969937
12.4932948476 -0.833245267973
12.4217719591 -0.831285948583
12.3813540974 -0.737832016119
12.2810171844 -0.498357865525
12.5918997247 0.733236745783
13.1123110181 0.357115438162
13.4832978479 0.365296229799
13.8594170787 -0.0164682503631
14.046185268 -0.494628241317
14.0364234483 -1.94007841384
13.8587744148 -1.51510820497
13.7478854583 -1.48142898087
13.8137912983 -0.337698183549
13.6483532096 -0.874365943226
13.1986121653 -0.736365719073
13.0439561541 -0.687610526111
12.5708262445 -0.727752085247
11.8381790968 -0.878652713691
11.2817705702 -1.00218474951
10.4658401262 -1.1403573758
9.94961549475 -1.18854144623
9.66235521397 -1.2244907768
9.62303045505 -1.09989668883
10.022193708 -0.778810621941
10.6106210759 -0.371516160643
11.1422241009 0.0978468155357
11.6762498848 0.547047958733
11.9763099029 0.836337963081
12.4682502032 0.91625924129
12.8110826737 0.790776197214
13.1749926964 0.597610631003
13.2101266597 0.380408771006
13.2297068598 -0.0397541447106
13.3601312821 -0.634423664365
13.6540203435 -1.12247829609
14.1627557533 -1.31770984415
14.9158257694 -1.07846597254
15.4477017999 -0.714118460847
15.5884307208 -0.365357217661
15.3318188948 -0.121578462555
15.2049053829 -0.00253302934511
14.9536930647 -0.023475245762
14.6531814866 -0.260419800948
13.9351836868 -0.549897389604
13.4986974148 -0.875213469406
12.8367589356 -1.12719899661
12.3910866492 -1.31258489741
12.0986789806 -1.37347097943
12.1750664566 -1.23835356759
12.5068017847 -0.995036830994
12.533306697 -0.64157340273
12.7641247623 -0.270250961752
12.9231265672 0.0337637531241
13.3060043497 0.164429803802
13.3202607456 0.220164676663
13.7090411198 0.219501219064
13.5652170055 0.134733278418
13.7641443855 0.029794006594
14.0167447538 -0.0478272331262
14.2856955029 -0.126233030943
14.6462436953 -0.247088865987
15.0483950236 -0.370858561874
15.3166088807 -0.505339139435
15.7557753592 -0.653606064569
16.1088795916 -0.723834383571
16.2961436814 -0.748093035199
16.8471211424 -0.761769010965
17.0117646091 -0.766000342657
17.3819801903 -0.761251204706
17.4468778669 -0.794546027343
17.4279688409 -0.956522312476
17.0779115372 -1.09419205365
16.6655941184 -1.18761970417
16.36923905 -1.17292752091
16.1871733392 -1.13142976681
16.4141920726 -0.982567305905
16.6625217877 -0.707282341846
16.9359638493 -0.324260303316
17.4948629881 -0.0450729069582
17.5834724524 0.107908877903
17.9890661636 0.109806178215
18.1979505163 0.00573475038868
18.4054833796 -0.302369483467
18.5696665659 -0.582104825852
18.2860380539 -0.801800359783
18.1744875856 -0.928959473714
18.1937758381 -0.930816019976
18.4284751808 -0.773371974791
18.7138867807 -0.633531169136
18.8759577121 -0.543811625269
19.2188220025 -0.502696764288
19.4240623267 -0.643978274526
19.1226398318 -0.925312500689
18.8658256792 -1.2983350839
18.3788357569 -2.54091722081
17.8558756615 -2.00152875203
17.3613010509 -1.9094168327
16.9578345675 -1.66149248213
16.847147623 -1.29632571237
16.9045449616 -0.908388885423
16.8269263439 -0.564086659997
17.0513957992 -0.296063958078
17.1800290638 0.782726263674
17.6810841004 -0.0180259044049
17.6872241882 -1.28410596001
17.4508525998 -0.940742829021
17.1181799209 -1.04910707955
16.8380220352 -0.839077805035
16.7507556735 -0.629999456091
16.3634274814 0.36282413379
16.1448430616 -1.37403194892
15.640270317 -0.823129415893
15.5471395804 -0.932667616721
15.4960361525 -0.771107947568
15.7308747338 -0.443883330489
15.9535343296 0.819594722408
16.3608058219 0.472423379302
16.9375497844 0.492132290654
17.3975210227 0.116223670099
17.6868406225 -0.51044901487
17.805947497 -2.05702062891
17.2804950002 -1.92899129485
17.1377820325 -2.23811460992
17.0696901486 -2.25638268915
17.3518240105 -2.09387960863
17.2893451937 -1.8125796443
16.8500110925 -0.599479099909
16.26789209 -1.11246067866
15.5087602064 -0.981439511303
14.8590373886 -0.925205620873
14.3374855981 -0.935634821153
13.6479239394 -1.02585242515
12.9322135836 -1.10520159426
12.2576716918 -1.09575976505
11.5847777452 -1.01925148778
11.1668848488 -0.895691118966
11.0001397756 -0.818483545014
10.8149997124 -0.731790241003
10.9636592599 -0.634768852751
11.090926177 -0.493755976659
11.4384286641 -0.339467658918
11.6796029049 -0.0258257065385
11.9862677101 0.22803424238
12.1562767981 0.239581125381
12.1486357262 0.072519781593
11.9751906098 -0.185892335885
11.6357565882 -0.472837380913
11.3342333701 -0.819249891281
10.9806130247 -1.1057668872
10.6482758401 -1.32034002555
10.5888362126 -1.35268930693
10.7772002371 -1.20565684843
10.8339229691 -0.999210578834
10.7398594547 -0.836270071127
10.5345111448 -0.661639629871
10.4846795953 -0.488285028587
10.4215892191 -0.358942830736
10.2104622499 -0.336345335524
10.243235674 -0.380154182414
10.350187968 -0.526074311091
10.7246421525 -0.612954093368
11.3796168382 -0.530374646353
12.253699521 -0.224064430009
12.7718450282 0.169745026239
13.2169217685 0.463922487944
13.3981920072 0.71702957075
13.7106437819 0.816268202757
13.9922867327 0.743541609005
14.2854202763 0.419439014596
14.4381039145 -0.0412150168143
14.3574304033 -0.581866406968
14.379502684 -1.03580377084
15.0244788994 -1.27331252254
15.6334393401 -1.29797696513
16.2028172688 -1.20348811301
16.7425879533 -1.06314286679
16.9105332867 -0.964554660074
16.9474993236 -0.873996619209
16.8069783766 -0.847964452451
