6.40089149609 2.65265684778
6.49591989582 2.54695036328
7.09262764605 2.18886715484
7.90500522882 1.70956734121
8.61779585715 1.19645731047
9.14145170316 0.851482709958
9.43681327783 0.649101301417
9.30095675612 0.481983643681
9.17060309775 0.290644321674
9.05597558434 -0.127981334321
8.72631359091 -0.652215112034
8.48095589865 -0.990613872359
8.59641941328 -0.962767888357
8.7852515139 -0.205018882818
8.85848458766 0.449940984174
9.18914954049 1.16219644061
9.60891235899 1.70139434182
9.81603389706 2.0455539923
9.83451126189 2.18013921425
9.51016012932 3.08547298128
9.14973375492 2.22646962739
8.24057399228 1.60921530893
7.41693137569 1.10131894996
6.97665384005 -0.181065309109
6.65246988867 0.233410045548
6.50159175306 0.216961624903
6.24350623258 0.234238929398
5.8175498827 0.19248618652
5.58274411681 -0.0233454193956
5.00359652966 -0.246686519395
4.63276124511 -0.399272022984
4.26452331113 -0.479968962455
3.9393199719 -0.66674939298
3.47921811457 -0.968436162293
3.00186767449 -1.13796769483
2.86684031317 -1.16136039185
2.75923222447 -1.0835307819
2.86794487161 -0.934734055592
3.08042445206 -0.798241841562
3.52011518831 -0.605258886076
3.83954646913 -0.233499204197
4.22322346621 0.281511817408
4.31847870969 0.623186132104
4.14443035108 0.762626160469
3.77249340127 0.822026242055
3.58416184994 0.786270060616
3.71097048747 0.668208135706
3.91278999076 0.544846065815
4.14625419666 0.451269842682
4.24534465229 0.351753560918
4.21797638792 0.0209100943266
3.84013608587 -0.551187482791
3.76905138321 -1.16757676406
3.71143663836 -1.49631514939
3.97998306698 -1.62894857691
4.40909222895 -1.64144236313
4.99103770936 -1.62880549726
5.65780664051 -1.56137148095
5.78683477963 -1.46537115794
5.74496737676 -1.35148872679
5.74488050117 -1.01169209718
5.566122438 -0.530114722573
5.68066943428 -0.018162336594
5.59069890861 0.413699629247
5.51635393998 0.75725513817
5.38142229816 0.861342158487
5.21267592299 0.755782429274
5.41719982411 0.584455387679
5.19706571644 0.243731148084
5.36294577456 -0.259596555615
5.17483550297 -0.836436802481
4.67069899232 -1.37167919583
3.88554307096 -1.84867842404
3.3911059785 -1.94942707668
3.37108402717 -1.61575205361
4.07227236726 -1.11360188566
4.89075334553 -0.634424509084
5.1074474224 -0.3833947408
5.37899878479 -0.307863004487
5.38273552297 -0.309812068242
5.36677746712 -0.244804248222
5.14773141303 0.0906939811014
5.08860529172 0.592364806691
5.06178472682 1.04777029074
4.73401045425 1.20231278394
4.38894754787 0.953703874195
4.4161608513 0.273454612069
4.6407256061 -0.464403647831
4.61082958429 -1.04967251948
4.21797794544 -2.49524649997
3.62211941852 -2.04390915656
3.13278163644 -1.89309064429
3.48070268269 -1.72678781057
3.99865301781 -1.63559261147
4.61021692098 -1.52241123846
4.8694730283 -1.35966169347
5.3123082976 -0.958921569872
5.74376115302 -0.429098465866
5.86415533409 1.91152519693
5.96315913381 -0.376498807037
5.47342219139 0.144821909892
5.27930094247 0.341776467176
5.18849593355 0.647630862042
5.11020718048 2.09119673757
4.9869299395 1.90490908356
5.16529098846 1.73864878381
5.33852746238 1.50539711474
5.50198864201 1.3410799235
5.88155535346 1.38701968933
6.12162324834 0.55766411162
6.28295263647 1.29060913252
6.4060906587 1.1644005875
6.4143768664 0.96024714136
6.58139901351 0.6209944883
6.94547983127 0.0794217062187
7.19300565373 -0.429209309663
7.00130940157 -0.55916934884
6.93346403302 -0.335147932244
6.75446302816 0.060817296807
6.911228569 0.657173833566
6.94934630208 1.18154927509
7.10506471809 1.68334823428
7.43122637312 1.91263486934
7.73104318363 1.89197532256
7.88398264672 1.71693560787
8.09424317115 1.30516009998
7.88288066064 0.803540738017
7.80675672491 0.314453187715
7.53015545985 -0.156259346387
7.17865940234 -0.254003817919
6.77241070979 -0.015145527155
7.05504695104 0.844211442698
6.94056286589 1.29201814884
6.72525132018 1.70498097559
6.68022506127 2.03102131474
6.51678541815 2.14686352202
6.42466773108 2.17971504615
6.4170178102 2.04348882573
6.26070267556 1.62455620367
6.51258928906 1.0735943045
6.45352932086 0.49025152892
6.47047904204 -0.0313308169532
6.28237919516 -0.177938252255
5.9495555657 -0.0781349612389
5.97089625767 0.179855680205
5.80675096265 0.39041594844
5.75801053229 0.493732838965
5.73396676564 0.383886819721
5.39784809265 0.197772869953
5.23046743401 0.0896747900073
4.8956923317 0.163493910358
4.73586806404 0.581073042782
4.7762821914 1.01183699423
5.37503247508 1.31900855877
6.05308146816 1.73306798749
6.72331414965 3.04752577972
7.30333833532 2.52726982478
