8.02586262196 0.425653651168
8.01496449865 0.496668302918
8.09335702113 0.604942814342
8.43031401014 0.725827892631
8.61123264576 0.853775611267
9.11491892254 0.956070588606
9.52516444146 0.95415043723
9.90036165727 0.892155760279
10.3216075148 0.78666327107
10.7280298846 0.677805914872
10.9540102274 0.576209214755
11.0241723944 0.443771082363
11.0924182043 0.357814814432
11.2806736861 0.352131134024
11.3868725719 0.35950068653
11.3581014985 0.407085391102
11.4981430543 0.463816923408
11.2593866848 0.509063033241
11.1294352492 1.49020747257
10.872737241 0.728873786079
10.3032729626 -0.596300168417
9.40475592693 -0.0759679224174
9.1326782691 0.120991487816
8.91317706567 1.50022240196
8.63098495834 1.1882746502
8.31294226077 1.09461282717
8.50556018644 0.058553508908
9.01422085483 0.562482928428
9.34547913727 1.50858522317
9.31441106231 -0.202888519085
9.07707975584 0.29969219632
9.16504726317 0.413564479267
9.29329579948 1.70211382692
11.0447667924 0.772298996294
11.6542532639 0.655138685213
11.7791799119 0.353770806073
11.9317269384 0.0480368110542
11.7237958919 -0.210930276847
12.0912553822 -0.257359062824
12.2010057058 -0.0156350507895
12.6923421306 0.363832131061
12.8554524848 0.719420440746
13.0591798151 1.03649367501
13.18720028 1.21810861089
13.301176197 1.13757439226
13.3466230909 0.93128967457
13.3168797856 0.682210904337
13.194937847 0.489199372279
13.08583478 0.43957344556
12.9714840446 0.475712174574
12.868634536 0.602774047298
12.6565761627 0.877859726699
12.3663994396 1.18065361394
12.2015522201 1.46199928983
10.1958427087 1.31134927078
9.97422800687 0.366181116978
9.64176393502 -1.02129232651
9.47263229847 -0.380210428848
9.44084244664 0.0444042187938
9.2586169303 1.51841504617
9.30612009361 1.05289110631
9.05709101445 -0.0205773762788
8.55631569094 2.0919862722
8.71574351666 1.39371789807
9.03503360284 0.132155202469
9.35021969884 0.457394724165
9.62376981973 0.436274830167
9.94329787526 0.58882142599
10.4788481902 0.724817256207
10.7194029162 0.797727314027
10.7773500538 0.762898729154
10.8430860834 0.649295137283
10.9557170146 0.529266769878
10.7956042178 0.428723481653
10.480249062 0.408240725926
10.3250793117 0.434469839399
10.1970136702 0.512234797117
9.75557943488 0.623307655402
9.78304995103 0.692879638452
9.21093748325 0.771601754693
8.8749564418 0.833323380882
8.59405884887 0.916117557504
8.13964645627 0.936843062125
6.97039692502 0.703841570548
6.88364796433 0.652455258216
6.9380317938 0.518547656714
6.91594904306 0.45290916497
7.06463323317 0.454552148053
7.03462036832 0.472978263634
7.01827689119 0.505480380585
7.01807733183 0.560458599757
7.03405200854 0.58785877273
6.8667401065 0.585595509678
6.30486688155 0.559774519655
5.75281023601 0.550640807055
5.73382607311 0.56958158873
5.54394685953 0.625711682957
5.3671810114 0.707839134975
5.39622504199 0.81984661043
5.65984177418 0.910424600329
6.18562071084 0.980882214158
6.8241021738 1.03349741322
7.28277216693 1.06383234233
7.7090489399 0.878940627311
8.09767144776 0.533703156988
8.30777303155 0.159556006405
8.41607047926 -0.224771766267
8.80477065474 -0.367900678735
9.54928350874 -0.265950120016
10.1929172117 0.1235344484
10.6315889566 0.706870887434
10.7149526201 1.24171944222
10.6022717125 1.5883749788
10.5591978393 1.72451689695
10.7443408407 1.68341054905
11.503040106 1.50404606605
12.0097027422 1.13859629106
12.6882477238 0.681301128917
12.9159814605 0.319128075204
12.9633999204 0.126759234735
13.0353614331 0.0408542602958
12.9578389954 0.109563451886
13.3355540422 0.268358764599
13.266505786 0.413912267369
13.5107861577 0.711074798132
13.4883083748 1.11696582735
13.3543325978 1.41216062223
13.3354043062 1.49070736404
13.4766930613 1.33863857993
13.2762657093 1.88865816372
13.1478706535 0.633018769696
12.8848295734 -1.94751301689
12.6399991175 -0.810798795108
12.5907948318 0.636372521876
12.5748200349 1.57616082603
12.3813451219 1.28551574959
11.7514563573 1.35208058098
11.1349028232 1.3689475669
10.6038697086 1.32102313385
10.2704238992 1.19000571636
9.97259185752 0.97680280597
9.64157037925 0.846417023438
9.41815169997 -0.210056208685
9.04288955192 0.472460798911
8.90573311758 0.762250623335
8.59914361029 2.09629216003
8.76180254898 1.4521848575
9.02188341181 1.11955153628
9.33517481212 -0.222827747162
9.4209531319 0.210919407346
9.26476703876 0.413730768389
9.54942051913 0.760390128516
9.58726828527 0.951091827252
9.90753662598 0.97563531401
10.1089793517 0.845501344084
10.4109050149 0.595011029392
10.4897645586 0.464253430985
10.2990130324 0.332032848307
10.2835926165 0.290978063743
10.1153289176 0.328516374459
9.94846992476 0.419558697157
9.78512831393 0.521239459377
9.48755086238 0.640869929611
9.36161232163 0.737628442555
9.16338177872 0.820317020053
8.97852121913 0.849971252845
8.68147015275 0.861602123917
8.60429668077 0.778776970565
8.35461823609 0.690071521448
8.250976086 0.585899395111
8.10240830958 0.539694552472
7.8459854557 0.54428259429
7.61734070002 0.639461672419
7.52787780203 0.656180422149
7.50527983476 0.662346377727
7.1369458558 0.679792628041
7.13848853023 0.752698529344
6.99981032731 0.741571295463
7.21284426319 0.747103161818
7.24885783361 0.708257918962
7.02060462354 0.695286097594
7.03378341466 0.657169788118
6.93346462973 0.622391186252
6.81907745258 0.607031301516
6.72401184477 0.586007641297
6.64982437888 0.603660909736
6.42910342083 0.627702410592
6.40109326905 0.62554539954
6.3981313278 0.641032000816
6.26683785301 0.635838019762
6.21368684988 0.624496335203
6.17089634941 0.557400352222
6.13800494538 0.53419497792
5.86826394915 0.427057394883
5.86503901998 0.401140477071
5.85296927868 0.394825078173
5.60645909941 0.421928629834
5.72481295056 0.4960944435
6.21845278339 0.566095448977
6.72676663865 0.653377086879
7.39783051001 0.764645858774
8.06279072613 0.932631908862
8.51485082909 1.07177473859
8.95028274153 1.1630322072
9.2722821864 1.16158866989
9.87754832864 1.11129090533
10.5267497811 1.05803933469
11.0341041315 0.936828591235
11.2909226429 0.813007114909
11.4739098955 0.687761255388
11.6036878714 0.480915953794
11.5814919783 0.112202125972
11.7001085186 -0.168475384527
11.7028121086 -0.25369914906
11.9543089329 -0.224542901564
11.9684039248 -0.0451330877416
12.228349877 0.444795844614
12.4605911244 0.794587176059
12.4489702462 1.03285160026
12.3650076814 1.12649613253
12.2788129975 1.09633242477
12.1634774921 0.902912215418
11.9920313327 0.575213137778
11.8731241869 1.20738543233
11.6823463765 -0.629791017912
11.5102242791 -0.222022433622
11.338606491 -0.189958479234
11.1305494725 0.185304910332
11.1281241455 1.56893503185
11.2729347556 1.02135488618
11.0036762571 0.868271182543
10.7524666651 0.75649522243
10.2291938292 0.762845804646
9.8037311365 0.785983610379
9.25174809917 0.793086093605
8.96747688648 0.761923446391
8.42033689668 0.797476415461
8.15792910883 -0.1103141354
7.85764375022 0.714790272776
7.85305408301 0.914028839385
7.86394234023 2.21011368579
8.35582345016 1.53840637742
9.21264574024 1.24706321965
9.96869431152 -0.127006345521
10.5284347719 0.239508315067
10.5176311764 0.0219747966659
10.3551350989 -0.0522475566012
10.5557881795 -0.0423558728754
10.6011967554 0.0749138509657
10.6017690521 0.195775237646
10.6477133244 0.362775728736
10.5592953671 0.543663132339
10.3181058932 0.719719439101
10.0315860209 0.839766331022
9.79443912696 0.912138297079
9.4499696276 0.986647788984
9.03092811761 1.06459958891
8.71724986063 1.11055659143
8.43802963007 1.14006917167
8.49335680346 1.08400208869
8.10438799445 0.964318463414
8.11376414123 0.939850618828
8.00274427837 0.928082018111
8.01501422965 0.843780823724
8.21657236723 0.705369143479
8.28116599779 0.573373465542
8.33200908044 0.231381355584
8.29738532112 0.0452363912495
8.5103219322 -0.047959322202
8.63548925045 0.00313951538272
8.78679435264 0.124334317144
8.96409582362 0.289892763693
9.03032744274 0.56045833133
8.90591051018 0.929524685803
9.08482170068 1.24871340921
9.05424407413 1.43898485001
9.25291485602 1.46376370081
9.07320116371 1.30086890883
9.23228325471 1.01727576084
9.08847945407 0.704594653617
8.67691337196 0.357259611756
8.50145487956 0.142608306049
8.61307803655 0.0828189399176
8.78668120718 0.286369923333
8.73593590293 0.6350750888
8.84381548639 0.942349019892
8.79611138656 1.30693250405
8.66476516125 1.50427415794
8.74613221937 1.51234533809
8.84652444123 1.31153452813
8.87470414742 0.964421699905
8.87844391267 0.646199919091
8.6073011375 0.473659685232
8.43744566116 0.365156881114
8.0790138105 0.373177561671
7.9186087945 0.434720673602
7.69185923898 0.573836855059
7.82977943483 0.746929269849
8.08819723183 0.869823251879
8.41902288438 1.02161712752
8.98493824803 1.02170135615
9.68888904809 0.933762985334
10.3646987773 0.79452251037
10.9468395246 0.620070341171
11.3420296758 0.503387936973
11.5230382371 0.433146601119
11.7341779291 0.354774034363
11.9263624459 0.36271858987
11.7342136805 0.434089143669
11.6958854647 0.494887260266
11.4295867009 0.541173883495
11.1767370856 1.51114089417
11.1048089967 0.767257263889
10.6597290579 -0.489035094727
9.95732356734 0.0295703964206
9.25853490972 0.211520053973
8.5683618902 1.45812577444
8.06444391866 0.921560372319
6.9192931014 0.616244578252
6.28705336465 0.367922397983
5.92217413202 -0.724391137001
5.40295101772 0.012822544543
5.24000628906 1.27663869888
5.12415332885 -0.159213225328
5.08793444899 0.437095911726
5.18236154431 0.33015758445
5.58555959088 0.240915448961
5.98932991875 0.288715314018
6.96355373296 0.434621448739
7.70556755865 0.610046124592
8.73518872254 0.578248707753
9.26924573963 0.345832225667
9.7247544817 0.0678973047392
10.0829957906 -0.165846167041
10.4618031412 -0.339626452945
11.0895268271 -0.404483917329
11.707600002 -0.32212004247
12.4452236151 0.0664447631736
13.063283919 0.63026805173
13.3227461809 1.14199630384
13.3928130089 1.57158953527
13.486199648 2.75251189758
14.0230385245 0.973334803888
14.3997744892 1.31324209599
14.5239779891 1.06409979673
14.2385874142 0.923998460588
13.8371601574 0.650289865234
13.4885262202 0.506753423712
13.3229057335 0.501762112984
13.1545157818 0.580338553124
12.8352855345 0.759505230151
12.6917351225 1.12760938611
12.3089424776 1.48511750661
11.888126933 1.6595137484
11.7340714782 1.61221218685
11.8046201997 1.44744700148
11.7209414074 1.22663711765
11.7287105775 0.94801047395
11.4899447101 0.614737115148
11.4838192427 0.340571919625
11.2966437674 0.156422116269
11.294404246 0.118822060193
11.3871596706 0.211721769571
11.3883010343 0.457674092348
11.2955108608 0.844019070835
11.1826000988 1.21477238441
11.2685417302 1.46384670415
11.5034309665 1.55623606954
11.6847390086 1.58954166193
11.8567355501 1.44741893259
12.0088813526 1.13599912238
11.9364314165 0.878289450029
11.8695531117 0.534651633905
11.5470147824 0.314427920665
11.3293528644 0.235937281481
11.2931922408 0.412163415023
11.4717378259 0.837677290327
11.3642401983 1.15705187465
11.2281564571 1.44051850381
11.2293329489 1.6603112184
11.3377943272 1.7047512632
11.4846012971 1.50343291142
11.5825932197 1.31306653199
11.49229743 1.20345361742
11.1860711073 0.981895275499
10.8899657542 0.68959416201
10.6113193202 0.469406927014
10.3768019288 0.380188648084
10.3530536115 0.366575600955
10.4142632036 0.442105319731
10.3239572162 0.532727757581
10.4500984194 0.664459180174
10.3095122257 0.755082545801
10.2490724778 0.80736037228
10.4355763915 0.801124195316
10.2299103975 0.801705038504
10.4245257768 0.798659335177
10.3222165296 0.699680420507
10.2923452245 0.567027942206
10.2239784892 0.439897381203
9.84149290159 0.353522926185
9.71218767283 0.32720672289
9.58999046565 0.361976089451
9.23500062653 0.417583233713
9.13836821959 0.507087834088
8.95559799757 0.566506811731
8.50486381002 1.59294902983
8.27487416582 0.938398510807
8.10129998603 -0.229133313917
7.24850181244 0.277676724778
6.60297806167 0.365780859795
5.92951958559 1.56023492309
5.42617856057 0.980284157223
5.35740906022 0.844837980936
4.94603939577 0.780057837932
5.03754245462 0.811004218294
5.76082880023 0.860985253291
6.55438718243 0.914488751544
7.37715942 0.980878890171
8.3525378042 1.03200623911
9.20745356523 -0.0421089827472
9.95502431676 0.439572436833
10.6118543013 0.32813380196
11.0206004603 0.376421964265
11.6746648825 0.522250271681
11.9975362413 0.608222243929
12.0955576131 0.643423860655
11.8947103168 0.611143409758
11.9605725635 0.557986358203
11.7526903129 0.573485599577
11.7216744914 0.593187971425
11.4523013334 0.600236438346
11.3023701721 0.604693380846
11.1791902908 0.61756729099
10.9178023918 0.657756280216
10.6618538916 0.690154041519
10.3011164193 0.750930723076
9.9504286282 0.800791872925
9.65513524397 0.81656344478
9.42074463125 0.834218584305
9.41282643158 0.828297506316
9.15409615659 0.793445920153
8.97342267032 0.759739910658
8.786435607 0.730374968155
8.55603741254 0.724898129466
8.47889733537 0.696968527015
8.34291561668 0.654284804056
8.11725549742 0.606168967803
7.92018119523 0.605857063058
7.65885988288 0.64546388805
7.61139468434 0.649751756793
7.54549578158 0.638004628501
7.45847249161 0.633905642948
7.47897252044 0.568909837913
7.36010702208 0.531700259643
7.47751454287 0.532681418664
7.45460330473 0.531930154348
7.41651065692 0.523770824974
7.39330347128 0.539723320039
7.21092582223 0.549056996689
7.01843239821 0.594990367221
6.83582273273 0.7032078865
6.66804784011 0.753133391221
6.51869210674 0.800666031132
6.24348605152 0.823849461524
6.01893228481 0.885368755124
6.12735273568 0.945027730057
5.91269679943 0.984290984686
5.86609514631 0.986292693471
5.99781699801 1.01714386634
5.73338694885 1.00867599623
5.47430146177 0.965104978886
5.53974627307 0.979170494426
5.87020453296 1.05888752999
6.77090652732 1.09019518546
7.58372521918 1.08611691379
8.41917719406 1.03424219535
9.26733693277 0.80351761079
9.95164213868 0.443543493531
10.3185608203 -0.0227913292743
10.3231057022 -0.390009974569
10.4550622408 -0.667040755842
10.7893398619 -0.774092806939
11.6559770926 -0.603077209638
12.6627889328 -0.143292346398
13.4942483215 0.566276382972
13.8185264615 1.19839943653
13.6851511333 1.62498652255
13.8916682385 1.87177205588
14.2463591957 1.85321835722
14.7243537345 1.70412573494
14.8440325826 1.37603679502
14.9493057217 0.949683289652
14.9499447539 0.617962553961
14.6181984036 0.378906009112
14.4163949662 0.227456238055
14.3055627322 0.165111407307
14.0906873545 0.184338512858
13.8414970303 0.275392507189
13.9800731118 0.476653007223
13.7754655412 0.816377998622
13.8251069844 1.04974517857
13.7753281087 2.14032401516
13.7780280826 1.33845947342
13.8167081157 0.90529384561
13.3223707431 -0.58039937698
12.7440935558 -0.325276356037
12.4251704405 -1.23904464128
12.1144843492 0.883061223814
12.158126936 1.70651284553
11.7653402413 1.30095619898
11.3686798717 1.46434617116
11.2643214353 1.66602366193
11.5221423011 1.85927474842
12.0137723216 1.78356866849
12.4404315116 1.37987577926
12.4762995801 0.04755148587
12.4260199397 0.344131553089
12.3067947225 0.43629660573
12.2506558339 0.786340914831
12.3328011321 1.10349970379
12.589987762 1.30480421866
12.8266560363 1.29750319858
13.2107741748 1.17002755453
13.5171709436 0.938707767598
13.5447021907 0.618299142764
13.5168219296 0.324544962931
13.2738556431 0.177636703305
13.4338193132 0.174538553579
13.4357706468 0.403652668091
13.4357940291 0.787690054014
13.3337627496 1.1870260638
13.2117412424 1.46322715557
13.1472614385 1.57641905101
13.3748038387 1.55894581346
13.3101204341 1.45428429597
13.2365464957 1.15280207035
13.3439378527 0.895647858557
13.1065320734 0.765557768727
12.8332013438 0.626875541996
12.6349269919 0.492753427055
12.3677045493 0.423843463474
12.0895719232 0.419156116207
11.9531150968 0.46602522521
11.4622462057 0.574528335807
11.2328207159 0.680098212881
11.166011944 0.788519653072
10.889770012 0.86500917625
10.7112331889 0.932964103742
10.5279231 0.965984275808
10.4191367133 0.959174478648
10.2974567542 0.912267716939
10.1090927077 0.867560608331
9.96133761701 0.862528618236
9.67653010765 0.838688779015
9.45669990662 0.820452770803
9.05818369118 0.82196610267
8.8663006182 0.844100025258
8.69462583023 0.901739474868
8.19263817328 0.951590115488
8.11684533666 1.03950950873
7.58358771473 1.08870959049
7.36440843183 1.08756827106
6.9238295534 1.01820543383
6.73391147252 0.96112882417
6.24456181885 0.839807221789
5.95466151277 0.766802071238
5.52527897867 0.691752992217
5.43045873174 0.613424329759
5.14343925864 0.520902842385
5.07061643169 0.433615026576
5.06943533835 0.427588007035
5.33742758238 0.455031770507
5.53874183517 0.41595484532
5.74724496155 0.371942887721
5.91163385683 0.318415852636
5.95094423573 0.213413431153
6.04976283877 0.187509891384
6.15305326191 0.112475674692
6.15433683889 0.0268448038034
6.15435279615 -0.0445307931498
6.05224728883 -0.0628450048762
6.1908377576 -0.00454782629024
6.096597042 0.10115054975
6.09547267209 0.265640649573
6.33249655358 0.612820838536
6.26206892248 0.956990438287
6.10168865281 1.18101846058
6.21021337748 1.29345557784
6.56081600079 1.25783488098
6.85198725119 1.06257502524
7.22662414486 1.6429640696
7.3847814276 0.501917448038
7.05232896514 -2.03551028048
6.85265271762 -1.099116777
6.46678114241 -1.06908307996
6.51569311824 0.39506121524
6.85253243597 0.274384856326
6.64051902688 1.62516160605
6.33729008122 1.24093795369
6.10378654228 1.54070797741
6.45273155137 1.84725233086
7.20104244321 2.00586520004
8.72777233131 1.92361478316
10.0695112861 1.50197323178
11.1208812442 1.14559824543
11.7046080046 -0.273586806251
12.1089628426 0.055637397159
11.9633380194 -0.164951622988
12.0359791473 -0.31296167393
12.3423008309 -0.317562193074
12.6568919219 -0.235052945432
12.6834799941 -0.0772256099671
13.0073495334 0.103366930669
13.0113275716 0.294734315707
13.0675273646 0.533288817221
12.7152428364 0.892260854916
12.5414941308 1.03383486456
12.3736050755 1.07729777813
12.1407601976 1.1106204053
12.0039861423 1.0870099484
11.63563027 1.01052146101
11.5349157701 0.892181391506
11.3449221331 0.778915427057
11.0257433521 0.723483158845
10.8081749746 0.709880150067
10.6104962605 0.753659654612
10.4330612418 0.781214784115
10.2079466045 0.821905976318
10.1760419292 0.798028958334
9.77779783656 0.784259593252
9.71693711041 0.835766410297
9.47042773398 0.846113463006
9.52499920389 0.789337132048
9.64072090303 0.782246128314
9.41538124771 0.821460171751
9.39340897849 0.873839993849
9.43604143888 0.846749049803
9.36796396185 0.822970368694
9.34972580742 0.828743378579
9.20431864142 0.825262650847
9.28567938698 0.795835450085
9.23821152891 0.741156786224
9.23320452259 0.719166798708
9.08778809332 0.769623312018
8.78552987052 0.875370301729
8.87248440143 0.977258550063
8.73642202484 1.00852142576
8.73225200196 0.983268834939
8.50725703428 0.964528571217
8.4301849804 0.951806786311
8.25250641354 0.967838972658
8.16852166179 0.95288604303
7.97201774412 0.862902849306
8.09880665189 0.746022513718
8.03285134304 0.671429301541
7.63649767297 0.58929135738
7.36907743304 0.517232820251
7.20878656976 0.455141776922
6.98098822722 0.499449487209
6.68602715576 0.522609613454
6.6191773487 0.532845800405
6.50536303449 0.621395486074
6.20749728266 0.708401961653
6.33253977003 0.806214385593
6.07313990741 0.909628236846
6.4421380951 1.02980969919
7.4045873591 1.00828788262
8.50361928769 0.822389402613
9.54814676988 0.652757297556
10.5756537727 0.6722817746
11.319742453 0.674981288496
11.9913686368 0.692667136358
12.441699154 0.750552034099
12.8184534132 0.708462964817
12.7457232002 0.661924576514
12.7956715122 0.554065993075
12.7151348 0.480938105712
12.8202488343 0.462517307175
12.9191398633 0.443730306113
12.7893297733 0.418479913495
12.8345888272 0.396013247622
12.7209500843 0.461456174872
