4.68372500341 0.0128781111283
4.46752320399 -1.03569597935
4.29569289893 -0.350210327111
4.13811078743 -0.171691463133
3.683562471 -0.0837825962233
3.53336174976 -0.135950915198
3.63720407448 0.77731614121
4.02563181552 0.0423030243461
4.32051969482 0.089352382414
4.69282423377 0.26660256062
5.10429873967 0.270251744828
5.67582843889 -0.0640246285362
6.01654695542 -1.28202201746
5.95743734684 -0.707891279143
6.06914746581 -0.671530648146
6.45316646238 0.424293032839
7.2611002667 -0.0439354101325
7.67437566242 1.36598437042
7.79216080026 0.831793838376
7.80565289164 0.903223542519
7.93306281633 0.983707385762
7.9544586319 1.02913939494
8.21133247058 0.182119604609
8.34843208413 1.05574267854
8.74028592141 1.29753842475
9.47959344885 1.49351223862
10.4514884187 1.54073804705
11.5193908563 1.58072149868
12.639222561 1.51574727123
13.5103570959 1.28683821693
14.04002386 0.969464553704
14.2567016126 0.451953521263
14.3992839288 0.0154047680535
14.2440832178 -0.316909020764
14.0510873475 -0.576921738941
13.878907612 -0.703702156368
13.7808917166 -0.738596750593
13.6506726339 -0.659016659793
13.8116627525 -0.502362027125
13.9323402365 -0.32417661524
13.9215651182 -0.146129421123
14.189472424 0.0441212582892
14.3530094716 0.137468780754
14.4053374047 0.189249642872
14.2463222894 0.378817513553
14.1943717847 0.560612350831
13.7801475359 0.756030940365
13.2819839964 0.904542604579
12.7341878576 1.08660831647
12.133629921 1.21647610366
11.3380521367 1.23721238544
10.4416338737 1.15854800298
9.73745169608 1.0300519263
9.21943721128 0.84628531292
8.85314093235 0.722877468706
8.63977274959 0.6273566713
8.2809378187 0.5339666433
8.3100202213 0.446253971293
8.0639245033 0.415568595162
8.10219034375 0.415861864386
8.00336056816 0.491780729315
8.00216931366 0.533267201008
7.8103901294 0.554674093858
7.71588936267 0.629946672094
7.53802880642 0.653897788823
7.3701516772 0.729094357577
7.05120818154 0.843519215827
6.90240810286 1.01122038814
6.30867777104 1.18401122945
5.74964069421 1.325196689
5.20022928134 1.44194481985
4.45231821547 1.52754984329
3.93552588319 1.6269466251
3.63910857316 1.69675298744
3.60504483966 1.71424197526
4.05323750355 1.68861955934
4.57692544463 1.68234712769
5.37239871344 1.66548161838
6.44615095768 1.50858557822
7.34965377044 1.0498172482
8.04354454809 0.543428690702
8.36476794103 -0.0417587811887
8.20610402906 -0.631883827508
8.07593027168 -1.09527533426
8.41927444961 -1.38782823606
9.49023620961 -1.37297052817
10.7854279036 -1.05060278927
11.9527522665 -0.528934545969
12.6449992161 -0.027381492767
12.9953260812 0.481671617772
12.990528286 0.840514023623
13.3116681973 0.990955770862
13.4933217308 0.956556876264
13.379501409 0.8986186805
13.0044815081 0.879432649809
12.8200469668 0.85695634893
12.5822123497 0.892136880789
12.1366101054 0.973742004398
11.6644759082 1.08656768665
11.000546843 1.14521523468
10.2320305208 2.08508493226
9.48886531532 1.29760503863
8.9029494288 1.10713533084
8.50854518234 0.916562920254
8.09861849094 -0.188790960585
7.75861383905 0.403861208879
7.79925479695 0.487942892468
7.75623862824 1.46223157682
