3.99224929468 0.641116248814
4.00142690994 0.545175313696
4.11354633389 0.43088680996
4.17471146201 0.332978254229
4.20936713604 0.194966541978
4.29668657423 0.0818119064619
4.22867351261 -0.0122129678746
4.16429973334 -0.100763607286
4.27847027874 -0.155869474292
4.45339854192 -0.201474678412
4.4555369972 -0.199184253147
4.62972285232 -0.170079784089
4.45768372301 -0.113063103515
4.80451935943 -0.0455641228373
4.94164732568 0.0334518220927
5.08488912395 0.0727069112063
5.21185158837 0.0313283745128
5.35500544369 -0.0122740391064
5.1746321483 -0.0268343358226
5.19409110158 -0.0231449668154
5.05742618545 -0.0132153535124
4.81142811014 -0.0794439296786
4.5130155575 -0.201802648148
3.8992715724 -0.307008928534
3.56679987456 -0.299103567304
3.32389235993 -0.149924758459
3.64152273503 0.0122630539711
4.22066382976 0.181268128626
4.77219368261 0.286273781675
5.10012473629 0.292053489454
5.14500507764 0.219405762563
5.14464491613 0.200160605007
5.10568961053 0.12490528187
5.01302200538 0.0201613309196
5.10891025138 -0.0927607446266
5.07040946996 -0.132639673006
4.89370799226 -0.225663245279
5.05460477462 -0.300651594376
4.89011165177 -0.334996066654
4.72160672709 -0.281571843111
4.55670427602 -0.14960294809
4.38449884685 0.0284094482467
4.38623472744 0.14128828406
4.41671750565 0.230204576747
4.31483793153 0.287450756651
4.2473537713 0.343653983322
4.29293354803 0.357518542338
4.41527475999 0.30438585584
4.62556489903 0.232385199164
4.61054469904 0.20056359014
4.72938052892 0.243473863707
4.73085584294 0.309361954083
4.85379874655 0.363844640207
4.73531145856 0.440812464441
4.63906756936 0.521508032856
4.42741231919 0.602896540733
4.23021625751 0.656957466831
4.14828462321 0.733098274634
4.00843011805 0.763158958832
4.07439537236 0.7711224075
4.06195730811 0.769004742881
4.70712631898 0.755688122191
4.86893145231 0.766901979917
5.01844594045 0.775395229781
5.21610675071 0.809131401616
5.13856065495 0.884413970439
5.35108853098 0.910304440665
5.36625557711 0.948516728634
5.56500279443 0.974961474356
5.67735999609 0.975987401382
5.82895338615 0.964360637866
6.01836667655 0.91749643481
5.91922516931 0.853416576529
6.00133120282 0.797110743107
5.97152304642 0.739852159823
5.9257665215 0.660094235019
5.73601743875 0.60090472686
5.56728040253 0.592120025086
5.4082775017 0.552229505492
5.27854258801 0.511229293275
5.14183842877 0.51762016284
5.21808731847 0.535546434407
5.00588098245 0.548298528373
5.06056263854 0.541662105677
5.08741138047 0.521314905758
5.11930863071 0.469004478569
5.10450860794 0.392204513729
5.02936831519 0.271732035473
4.78699973129 0.204813527046
4.70435155588 0.147497264492
4.76248720791 0.0616190988971
