7.80808537915 -1.14138051175
7.0558648907 -1.11989397636
6.71018945823 -0.898134267743
6.42342784003 -0.672453958806
6.33477199836 -0.542484140319
6.84377825051 -0.505186327279
7.19827334888 -0.336216050415
7.7497164558 0.981539772079
8.12112748537 0.544051034122
8.50348049589 0.439973680527
8.08722603023 0.119048655459
7.88289229068 -1.15141095182
5.9390801021 -0.465795258796
5.79130210625 -0.779613610632
5.35363232217 -0.943461671474
5.12512556597 -0.818148797882
4.49077419912 -0.591765691256
4.17844386917 -0.377319972071
4.24432138011 -0.272392719489
4.76983559788 -0.105182815686
5.3888218592 0.306046613859
5.89588784523 0.799238444843
6.06582961504 1.07348068034
6.27696972146 1.02703211281
6.40692886724 0.785919024405
6.1841358043 0.456926268242
5.86466502192 0.188752085153
5.48770612773 -0.0392443156454
5.06124456719 -0.143465345568
4.81191327007 -0.136161582806
4.56855884267 -0.0809839621849
4.5509992469 0.159762919843
4.55462278378 0.446366675472
4.72108099486 0.734145308955
4.89942961883 0.873920853705
4.94285089573 0.672350217029
4.89348505347 0.227039185775
4.73291629506 -0.214926103086
4.44739171206 -0.5530984969
4.2159535219 -0.691282257321
4.19268561508 -0.537777710767
4.22611910801 -0.369145094043
4.73402666539 -0.181907741021
4.74911014376 -0.0737948276633
4.62954477037 -0.136431615255
4.30139649959 -0.280328498193
4.00970136137 -0.418043730598
3.88147537187 -0.394011713506
4.14377030216 -0.214007894593
4.39380101215 0.110839344574
4.77372903119 0.483800427499
4.94134300173 0.876303014449
5.10752216095 1.14628971124
5.08773521524 1.20714616315
5.29970294537 0.881663424398
5.03356400177 0.363416500526
5.21137874735 -0.163426311123
5.34066355659 -0.31378261633
5.84429347057 -0.159668917493
5.99200078094 0.0801584456109
6.16951416418 0.191472070596
5.96677867563 0.109923301642
6.02701040816 -0.143317076122
5.86683161672 -0.38806641624
5.72784793403 -0.567477297387
5.7711362894 -0.633901599119
5.8280431714 -0.581580105666
6.14007404499 -0.491958599625
6.02225661185 -0.348745835677
5.64851471851 -0.294609007055
5.4850638865 -0.273592485722
5.3246439962 -0.191221554023
5.10901448915 -0.107650718047
5.32004279369 0.116667168059
5.32263389995 0.324699750133
5.60246948352 0.435101301947
5.89994162183 0.323158473649
6.06111921492 -0.0516845044768
6.06319737675 -0.487840710382
5.75385792699 -0.761364074971
5.38746021514 -0.887283359767
4.24899022509 -0.427806501919
5.05998407384 -0.0780683634873
5.40213281223 0.243965029959
5.44340005985 0.421384369129
5.70692769796 0.209802720924
5.85854706489 -0.294062291515
5.86069518382 -0.7875023385
6.19944520786 -0.904960290078
6.5783881125 -0.832953963338
6.9159136953 -0.73539213573
7.16194178851 -0.595045755171
7.15272965614 -0.549078709809
7.3134620306 -0.66475778715
7.20785671183 -0.891375099906
6.77608565987 -1.09109716676
6.37617301807 -2.14158698366
5.92422705376 -1.27722734524
5.75123027512 -0.859838314431
5.723149989 -0.414344275891
5.39165043367 0.790065768781
5.38781525494 0.0180761098871
5.21301654966 -1.20251546284
5.26177017441 -0.719695248745
4.94705137318 -0.726321357695
4.66803037515 -0.543933329018
4.61922555224 -0.305496346625
4.61589009063 -0.241044145718
4.98343771463 -0.247442001281
5.35252641527 -0.304872554457
5.90152702552 -0.321003142801
6.090638732 -0.341990178247
5.91290638034 -0.41839405143
5.72846132944 -0.487827171902
5.22818202528 -0.498606125154
5.1240066813 0.601274535781
5.16378581887 -0.040921700775
5.34057317951 -0.0123803590081
5.56242350162 -0.0451853241816
5.4837412579 -0.301450763008
5.48289796167 -0.600157193924
5.1681225229 -0.839912566461
5.04047310913 -0.933178349499
5.02999008759 -0.820226135375
5.13589194783 -0.593410390943
4.98097252304 -0.381584791216
4.90296824536 -0.332195307308
4.47036073512 -0.384617044554
4.06820163682 -0.441607083672
3.62024182515 -0.447685784604
3.20668580784 -0.256273755299
3.49028984993 0.0366974135504
3.76467884541 0.375343126488
3.98876849302 0.725422870868
4.45939231484 1.01649976972
4.5193087931 1.08490530807
4.39869153711 0.939555732609
4.23127336038 0.690125007108
4.1133934113 0.425061839723
3.66346334368 0.210637394482
3.29117084072 0.0220855846431
3.05901268694 -0.0932253443649
2.86751182032 0.0385727256673
3.05380744388 0.28110703899
3.24764141965 0.54292799968
3.3894292264 0.600207984107
3.39123274052 0.316091810786
3.37626633645 -0.0653863744337
3.25135057842 -0.417988569435
3.45014148002 -0.529954515705
3.61842493803 -0.393196351831
4.13099907769 -0.275156258823
4.3787293556 -0.143002308202
4.96614771943 -0.0304041661221
5.20764334062 -0.0637653360611
5.26671928923 -0.180583420015
5.01358727997 -0.309875841455
4.9877634106 -0.230055730064
5.05451656521 -0.00345275792256
5.33900076469 0.321336036004
5.56240355565 0.673568012755
5.91693367671 0.943642063287
6.20247053133 1.11780363501
6.49343557618 0.944951809482
6.4645540207 0.524253237605
6.64666156342 0.0366861163587
6.46656302002 -0.206772633216
6.51593142269 -0.10425497117
6.67583692832 0.144591281136
6.77012670296 0.415830069445
6.59754358154 0.509068084587
6.32511300304 0.423093292723
5.88576217568 0.167716477773
5.52604765653 -0.139953508456
5.32091699255 -0.293364124311
5.58595211418 -0.381933029598
5.76798295539 -0.337612595529
6.024298799 -0.320562438407
6.22951257451 -0.513504201033
6.10907561901 -0.777182909878
5.81221955777 -0.95890834196
5.52339864166 -0.908054958511
5.22199392083 -0.614721371677
5.2760489168 -0.224892144963
5.42026960053 0.149499960785
5.93902400897 0.527006301864
6.32921838705 0.796444833933
6.98202254859 0.62169242463
7.15430856369 0.165834435303
7.054374276 -0.340874853788
6.82660849234 -0.665238519257
6.7777477007 -0.7844137571
6.73748733879 -0.708334980527
6.6159678255 -0.534601050799
6.57639993156 -0.293849030476
6.24061533489 -0.151096027757
6.23655349798 -0.163660082216
5.73990747136 -0.299506107272
5.23467760526 -0.47882951383
5.058757016 -0.640048882869
5.08616351816 -0.763893851332
5.54030960121 -0.908373028292
6.20410427659 -1.04855831888
6.76368692372 -1.09196768999
6.73240794774 -2.06390001787
6.74891129488 -1.23533384219
6.33108680533 -0.870719990973
6.09106299632 -0.551137396633
5.72803445816 -0.376311657953
5.26803687166 -0.352891891234
5.31814071358 -0.312953109245
5.490091342 -0.261511031619
6.01006165347 -0.149508424515
6.41492513969 0.883413090417
6.64617759693 -0.914822864354
6.70571972202 -0.462764089464
6.36632144607 -0.574350680343
6.07412180524 -0.704966802034
5.52803301208 -0.706731443273
5.39781367905 -0.46236681212
5.54732638487 0.707481435473
5.54929160671 0.122450040332
5.73137305092 0.054088966362
5.7627684223 -0.144009750126
5.78510915617 -1.27237483464
5.40143508192 -0.69515453663
5.19696566816 -0.813225747205
5.17230887542 -0.85057640814
5.26580368738 0.153250381836
5.60881519013 -0.500872960823
5.51595271507 -0.462593453962
5.50614198234 -0.499045983091
5.37177731695 -0.664464349684
4.893452825 -0.848698578384
4.01170627329 -0.853664859656
3.68322355006 -0.693991278232
3.58244728332 -0.493154139386
3.70612435683 -0.332522681972
3.91310214737 -0.0531355418294
4.27361552368 0.514137898898
4.44213069855 1.12326431591
4.88563751815 1.62475741804
5.55691717059 1.97250921625
6.32397653104 2.22165624516
7.35174923573 2.43062810988
8.69448262281 2.62539063793
10.0530384153 2.76068851958
11.664897373 2.67861414582
13.0608369197 2.34837752342
14.6731104114 1.92185974432
16.1051728471 1.49873579677
17.0872472004 1.13797060212
17.7041846078 0.694327906616
17.7905223959 0.157649126068
17.4846168735 -0.174217476484
17.0320327106 -0.390338690176
16.3794444438 -0.608951838113
15.3316592631 -0.766661230462
14.1870522082 -0.943658909479
12.792384146 -1.1684895238
11.4828089276 -1.3682490527
10.1883191288 -1.5385618373
8.93882927782 -1.36261430975
8.14197075583 -0.935203186617
7.17365018549 -0.604669766806
6.854656379 -0.435252563206
6.48631706202 -0.232099435556
6.46146358342 -0.0593536356767
6.66312274358 0.0810799078409
7.12687092328 0.216202881031
7.60531928888 0.224140612881
8.25596727147 0.137497121658
8.99244137533 -0.000958157260631
9.53627341979 -0.129829748952
10.340003347 -0.248806171389
10.8182352182 -0.344574846559
11.3943089047 -0.584833920306
11.8012488316 -1.14297006805
12.1986832498 -1.79339708155
12.9247329715 -2.12695243617
13.9577748255 -2.05919468427
14.7430225553 -1.54262372081
15.3227639752 -1.11843577281
14.9901792886 -0.979478956414
14.1938866266 -1.01391372178
13.2123223797 -1.0216209268
12.049863874 -0.841179454891
11.5614952148 -0.457833348494
11.3665880175 -0.230474653548
10.8424814734 -0.157502066805
10.4613309604 -0.188147599222
9.96522957893 -0.327526089847
9.34785961338 -0.4788927135
8.77274543505 -0.62977234847
8.35663191359 -0.750319943088
7.82637362872 -0.507036999587
7.38347371677 -0.31218782679
7.25864155461 -0.274368373982
7.04406411659 -0.246490252992
6.67047426137 -0.215888623158
6.25025790112 -0.201287219344
5.92217907626 -0.256548435354
5.67447999906 -0.23107043233
5.63877994364 -0.278782017318
5.77648663324 -0.305867347224
6.08926626903 -0.377496330824
6.40089902936 -0.658357869753
6.26244969442 -0.959162134166
6.20421419332 -1.20891305593
5.92418304099 -2.25790691843
5.42995743298 -1.46607465353
4.86127611409 -1.06880763444
4.7233995121 -0.670224687652
4.53935054826 -0.272791369826
4.63250274851 1.8413110922
4.63371352233 -0.498842730629
4.9395781616 -0.0921591324459
5.09971655203 -1.19877240231
5.03136506945 -0.619720177542
4.48206470316 -0.633921217967
3.89768781996 -0.51375661188
3.72837967989 -0.481616078496
3.9888006553 -0.483634939028
4.57795470271 -0.466339354889
4.8701183379 0.623870463869
5.59386105416 0.0458535928731
5.60270514867 -0.0498071695883
5.51236953668 -1.27064777131
5.3052669522 -0.605312143819
5.05883353886 -0.526874598307
4.6331591396 -0.435529776425
4.80136295885 0.675322228883
4.61811490085 -0.0570997614882
4.80118691826 -0.316158051553
4.6302506761 -0.546849322178
4.5117710759 -0.78860692973
4.33735961604 -0.960724152908
3.98378727127 -0.867176861332
3.98389590268 -0.644235739347
3.99014606345 -0.381397594968
4.08471079794 -0.0838191840401
3.94771016564 0.133411275411
3.8947380191 0.1506450876
3.71496157812 0.0565628102594
3.5417261897 0.0675818308063
3.74633539874 0.339451426386
3.91405300971 0.676061943677
4.27362960262 0.970391120787
4.91139436176 1.12185533882
5.3903364738 0.957170320439
5.44306885248 0.612048658046
5.30773343161 0.254315984218
4.97855346636 -0.0381755998184
4.57062794541 -0.212924605143
4.39929309803 -0.287016607575
4.31437285853 -0.196906829871
4.37178958784 0.09246470825
4.52448095072 0.436398929812
4.59961571113 0.774430330547
4.75357517565 0.932866892738
4.94267161627 0.71568338532
4.68689383747 0.250057128259
4.52229952622 -0.1866733218
4.46572266815 -0.535262131521
4.5572342841 -0.598493273357
4.85975566915 -0.425109152252
5.36333346954 -0.250445697482
5.82476521484 -0.100042892438
5.95473311398 -0.126546816153
6.14139656487 -0.213445071935
6.15012627022 -0.319887703866
6.09295551221 -0.257007225499
5.96891255194 -0.051956533575
6.23687268297 0.241066593444
6.4555847439 0.593434227119
6.81336843737 0.953863831971
7.14046699251 1.18384181098
7.61074643621 1.01063656139
7.76910773344 0.604047972527
7.57425263069 0.269844418366
7.22275807155 0.101382438527
6.06155286575 0.0928500631083
5.67074027765 0.248330182117
5.68242782328 0.374915459236
5.59072189762 0.349408672466
5.18906041498 0.156369760902
5.0224547173 -0.171869961799
4.78732984202 -0.451412585209
4.6751222044 -0.495774958264
4.60991195461 -0.398793514541
4.79784974115 -0.335302301863
4.67880904906 -0.310834029485
4.44955554309 -0.337972353061
4.52861565324 -0.254428328247
4.30922432254 -0.0186360474127
4.6207754987 0.319568030665
4.90759861647 0.562253722884
5.20989660858 0.510902979908
5.08915384478 0.274292085754
4.90465920658 -0.0535966023766
4.63160182182 -0.345162592615
4.41972421478 -0.503677112849
4.29504975372 -0.500567940705
4.24685380179 -0.382946151736
4.31274579446 -0.286927908182
4.27845868164 -0.205390816935
4.23040069826 -0.191258681926
4.24981738084 -0.168029045343
4.39607707738 0.0549386241469
4.58221256301 0.347892562501
4.77454444399 0.549988635781
5.05230865544 0.312640698388
5.31925707689 -0.235977516492
5.42853692691 -0.695400222949
5.47126366304 -0.887497911821
5.8956829708 -0.780617219213
6.13429203448 -0.696451835605
6.44973556126 -0.577438928782
6.61606131821 -0.6092679215
6.74921964558 -0.798757163043
6.53625604809 -1.01303755187
6.15856152824 -2.04985009437
5.98339557548 -1.21986778366
5.71824485165 -0.815245920936
5.50827397159 -0.483267204141
5.1142800006 0.702643282398
4.57541359796 0.000551135751417
4.23208043586 -0.262877155711
4.22791987794 -1.43610302952
4.27911173554 -0.655836938547
4.18696711909 0.580570902981
4.32763904282 0.0765053628952
4.68774228761 0.0457459702022
4.72488620806 -0.0516116984995
4.41126332342 -0.212201665059
4.23208058476 -1.24639829253
3.83360816972 -0.565699515215
3.61061842069 -0.489641652704
3.364567171 -0.317401463442
3.52222409726 0.825824527119
3.70579950692 0.243169891435
4.08858498923 0.201689848793
4.32637069435 -0.164363436598
4.36486556184 -1.55469954342
4.15110710028 -1.03403577895
3.71314693927 -0.905152494793
3.5451544199 0.312394091357
3.52603202264 -0.256734075101
3.65156579083 -0.20009118257
3.7325926009 -0.158733796885
3.92441088999 -0.257048075844
3.5049836495 -0.414498093838
3.12085743291 -0.490538275471
2.64766698706 -0.352712542784
2.47341455874 -0.161472925437
2.22487934665 0.139820948063
2.36513128909 0.467606345164
2.69905962048 0.873344054019
3.05196693333 1.07982047557
3.3290418631 1.02169618206
3.45666663376 0.82673074977
3.73365262675 0.579899716678
3.5024608443 0.340855692613
3.28475776259 0.115320497764
3.08817233729 -0.0791753471199
2.75709966948 -0.234111416946
2.27476858494 -0.211995610515
1.79578172085 -0.0614888702284
1.62009555756 0.164246973488
1.63376740082 0.475940259513
1.77405166067 0.848771033512
2.06751507693 1.08428504159
3.45412624402 1.17154613867
3.97845074344 0.950109494632
4.13571946316 0.487291298336
3.98226285486 0.0752687718993
3.64956044194 -0.328448352694
3.04016291533 -0.598580539335
2.50647787142 -0.657222184201
1.78351032421 -0.529976103693
1.69217536765 -0.376354714127
1.77280264762 -0.210835497443
2.27839023244 -0.0242014522798
2.59988043592 0.0578854485088
3.02439269034 0.0861102776206
3.13648074124 -0.0694245828329
3.38725854511 -0.302005844893
3.23115088309 -0.421802688517
4.97844098445 -0.33241580863
5.70191284801 -0.0264366135076
5.59830926484 0.71122653335
5.61773822437 1.04662743754
5.39289961522 1.12776065553
5.10753980191 0.98516243699
4.37443125875 0.668753979661
3.87187733728 0.333993189232
3.8591193571 0.058120291214
4.00024326292 -0.128067489554
4.45917113834 -0.13555482395
4.97692464661 -0.0454170355889
5.37806431158 0.0430136923667
5.79987448555 0.0830461041535
5.96485938946 -0.0427410972618
6.12696104119 -0.324199836867
6.33124688359 -0.648793189104
6.75925003412 -0.870412282118
7.08413675371 -0.826422787761
7.49320361952 -0.657221552298
7.59871969291 -0.384037544117
7.68824160229 0.0234234089024
7.85014697184 0.395617743584
8.13084548049 0.889971601051
8.33020174197 0.957028513737
8.25911567935 0.776898188261
8.30932745472 0.438765358637
7.73418113492 0.0347974958437
7.4009212429 -0.238501720214
7.33273593361 -0.425357488246
7.42397382949 -0.543551415296
7.75771827492 -0.534112341142
7.97276896639 -0.447616848553
8.0260180125 -0.325878880777
8.05814785982 -0.204514655008
7.76835803636 -0.149093417709
7.60231445562 -0.160684664885
7.43790960613 -0.143891259648
7.23422585971 -0.0923974619442
7.27120344345 -0.0629714876644
6.90656302422 0.051036425261
7.06485539931 0.0673718177597
7.19464475104 -0.0864691030826
8.22430232087 -0.550430603159
8.29760189528 -0.910769665887
8.07667186775 -1.15504505078
7.98477419156 -1.25105725954
7.89509234641 -1.15236915259
8.08900409935 -1.87847567679
8.13634512514 -0.920726859175
7.66116821104 -0.709291041941
7.29526513259 -0.633424159737
6.32745845366 -0.599845924694
5.92615757681 -0.433058084981
5.78705426244 -0.294537278539
