5.63777117883 -2.17486165434
5.81450662356 -2.08375065737
6.16722542155 -2.02188062466
6.87864827219 -2.03357917726
7.60231303741 -1.84015473847
8.41928000516 -1.25367141422
9.09019517036 -0.756078170888
9.36851078267 0.413448404656
9.54108844942 -1.4847085477
9.48270199761 -0.916345542878
9.36878756974 -0.799583854407
8.99734099702 -0.750945943749
8.69682454931 0.438197281755
8.62841363495 0.141298888474
8.87068377937 0.347970566435
8.73243784117 0.668807941328
8.27207361985 1.06652570842
7.53872212777 1.26333510811
5.26878140887 -0.27485036575
4.97807951557 -0.345840471759
5.011587823 0.0380894904445
4.84979487413 0.547571755205
4.94222398764 0.805258980808
4.89180118277 0.756842276628
4.94187459787 0.674349503906
4.94450762816 0.759357833964
4.60443837601 0.946767287899
4.14279600562 1.1178123924
3.8899692416 1.14873029341
3.65431330265 0.830954161035
3.75116044412 0.383446798992
3.70839917357 -0.102367053272
3.69665219068 -0.132848663232
3.70788275329 0.102556013381
3.90767907467 0.645822367239
4.47523218453 1.04513481969
4.9813858111 1.07387807627
5.54211283595 0.74296474089
5.62906748476 0.278186588558
5.52276901808 -0.0428917158831
5.3053947923 -0.0915252361559
4.87912086984 0.152113143199
4.69447407428 0.688531056709
4.72496764062 1.1156146357
5.5406005076 1.40108145525
5.91918345026 1.5415631933
6.72047624956 1.59768667325
7.05351706183 1.64284406944
7.3722079887 1.64033924096
7.52469212912 1.67485591742
7.4181750743 1.45852449449
7.23250886303 1.03267488616
6.88410655358 0.597871979158
6.44571601957 0.124495574841
5.45771518214 -0.335725943652
4.5378749997 -0.559244649693
3.85202986799 -0.385395142706
3.53061061713 -0.0067375138945
3.39024192928 0.288061635357
3.6546512658 0.575694340423
3.70823611942 0.732144312938
3.90741024023 0.529130650707
4.02973467805 -0.250574349175
3.93673600209 0.0625725233482
3.6995704749 0.694697146314
3.62264496543 1.32565794321
3.67578050183 2.68145069802
3.58622109741 1.71360872575
3.87057043965 0.140217796364
4.3991729975 0.257178937152
5.10010414544 -0.231696558494
5.03096608696 -1.46345458942
4.57811617439 -0.689044984615
4.18073407792 0.562011574213
3.92999805107 -0.0886875235809
3.64198179145 -1.18112297623
3.74868118043 -0.650089391104
3.67874050995 -0.609581725997
3.88777593126 -0.527199384122
3.89171381151 -0.319303408658
4.22373342434 0.751906993245
4.50583682618 -0.194696971711
4.85445121983 -0.885254026402
4.72664965285 -2.47289792318
4.25488468657 -2.02246213557
3.43656934214 -1.914557937
2.49963693226 -1.34083419836
2.63047151593 -1.064994983
2.52825539547 -0.566661809323
2.55447699801 -0.062252402483
2.53520992789 0.446323030948
2.53505100149 0.77751799545
3.03316547715 0.97013739888
3.44549797316 0.939507038755
4.07845791216 0.630043130192
4.74707246357 0.283773746948
4.76046253003 -0.220213913393
4.46878525804 -0.811908269179
3.47154556337 -1.25942929232
2.27357764992 -1.3180136285
1.46229181112 -1.28124401792
1.33003489546 -1.17719578258
1.78434368483 -1.02740611975
2.2429543516 -0.665078701552
2.77631111217 -0.155170551535
3.13862162915 0.427101836948
2.99237060123 0.989969173704
2.62124414795 1.39735878303
2.04397928071 1.46916884591
1.91439970254 1.25634055884
2.41567669549 0.982903275106
3.20062243605 0.730884247597
3.60290963849 0.513145504705
4.32054253248 0.188159295251
4.66060130592 -0.193915266954
4.81033636484 -0.469535843344
4.80324126454 -0.796258797338
4.62121359599 -1.05962975332
4.08253840794 -1.04185607714
3.55080576912 -0.852926789499
3.25334036055 -0.783772150744
3.08174316792 -0.783819311117
3.13700253467 -0.470483333259
3.2354035137 -0.258407321505
3.36018590298 -0.221055885058
3.37578972259 -0.370339917265
3.37609238428 -0.646431732321
3.13370748466 -0.969496716247
3.16718242297 -1.01722753783
3.22835248529 -0.93802953822
3.65262124918 -0.80334378235
3.72509254735 -0.820662486212
3.71287844254 -1.01489187521
3.37519747119 -2.09230713933
3.12449461626 -1.35739189679
2.76421838581 -1.20962246317
2.74926747201 -1.1150194252
2.74944436672 -1.03458322316
3.17559335859 -1.14553145614
3.71926117886 -1.1711099268
3.98868775673 -0.989250976715
4.22665044655 0.229614691603
4.18644201909 -0.163568773061
4.18599216905 0.0493284746903
4.5807626068 0.161930460808
4.90972127625 -1.10818548992
5.20551198271 -0.851274882895
5.27607156072 -0.910090649304
5.21002653938 -0.767814012414
5.08921011813 0.492382451247
4.86157198593 0.206297792449
5.14259011832 1.5272771777
5.44171631815 0.977860789607
