8.96617372802 -0.752670931295
8.86078908234 -0.742710252394
8.63017286478 -0.736528620778
8.44118702249 -0.719087671167
7.86098999105 -0.714158127737
7.51964747823 -0.67542634725
7.05914944499 -0.651290911299
6.83438549869 -0.599918477068
6.53775266807 -0.586013376597
6.33779005527 -0.596208300776
6.02035627463 -0.630789019206
5.77529431604 -0.638368449579
5.7310451146 -1.54470034915
5.48031712926 -0.752476425658
5.10920608244 0.394594933309
4.49184110965 -0.227449139795
4.2377718706 -0.340862621984
3.87019218297 -1.27292125673
3.49085459153 -0.491158914466
3.25285391343 -0.257548056371
3.14020845525 -0.185303049378
3.00170151809 0.714960263557
2.93351689451 -1.15435717541
3.08401464216 -0.812396153159
3.24495677036 -1.00414542294
3.03192721417 -1.10143830966
2.7762943657 -1.07255223421
3.73005910449 0.0324626410729
4.10993934101 -0.431886615326
4.48920648268 -0.209397082105
4.5197589665 -0.104339735273
4.65777954698 -0.168167668586
4.42016661447 -0.289579862325
4.23016206303 -0.39032504809
4.06536908805 -0.422613704525
3.98526718597 -0.414504629356
4.2466147746 -0.356526274776
4.21381780836 -0.314675909974
4.41439070901 -0.288445720569
4.77251530193 -0.233190011977
3.90837000744 -0.146124770729
4.13956733651 -0.170984506978
4.22684630305 -0.208897343972
4.41477860422 -0.25527363494
4.76008121948 -0.218809859374
4.9852306165 -0.107800005773
5.104816001 0.0960738770605
5.3508777743 0.307086475838
5.8452974591 0.47218389114
6.0969781496 0.467500978895
6.22525210079 0.375885713307
6.23893258964 0.248183368707
6.10165476925 0.155911803918
5.85586979048 0.0965363383513
5.77866838805 0.0486684501354
5.619733654 0.0668772659303
5.50726700357 0.136614907916
5.2795427435 0.23578363477
5.31813966378 0.34491091779
5.21204978874 0.324310489738
5.16486127283 0.298944590602
5.12336480274 0.214597473002
4.87687680502 0.0815455735749
4.9947503675 0.0034004107141
4.98777572475 -0.111454641619
5.02971351001 -0.112708600803
5.1621501958 0.0157549223071
5.3166064069 0.203243509051
5.54851496719 0.36908274686
5.78254315094 0.486446437193
5.95460283724 0.402351775841
6.06911262244 0.135621892899
5.89890988869 -0.18741882377
5.75629149609 -0.379742951962
5.61893968916 -0.487703602327
5.50086865097 -0.512249914899
5.35585895801 -0.371830602147
5.66363195417 -0.106870680591
5.67836577312 0.113650526784
5.67900233607 0.11690476791
5.38464140302 -0.0468943885842
5.14805856835 -0.252656439244
4.83395292543 -0.392093301164
4.57161390979 -0.501281938245
4.44534946191 -0.59577166369
4.38583212006 -0.621184904181
4.77182782209 -0.537538262051
5.10172920537 -0.436340239425
5.53635900744 -0.394743242279
5.82738718582 -0.44830188802
5.97914824579 -0.568215812895
5.91451682256 -0.710630769178
6.04902500397 -0.828899901417
6.23653860843 -0.867024783306
6.47854259518 -0.823096248968
6.42032939033 -0.734401121329
6.51174949712 -0.625907502353
6.48444239757 -0.526003628842
6.64072461952 -0.47982524024
6.71944187641 -0.469212112362
6.48103991234 -0.498670012107
6.47813603023 -0.544558088928
6.32898626967 -0.572868061724
6.42533098615 -0.641992477851
6.30298863356 -1.5978504146
6.19367288395 -0.838790233689
5.92456387445 -0.568242969357
5.6339966064 0.53312684936
5.42293442199 -1.09546982495
5.24029344467 -0.299653535377
5.05814433371 0.869706004268
4.90770397279 0.161174246319
4.94292594146 -0.164609964581
4.81039491071 -1.53610189704
4.76482952916 -1.19082615752
4.69294046183 -1.27282430218
4.79828395583 -1.06997936433
4.87212572225 0.22365026625
5.03200033478 -0.173383105867
5.20680710866 -0.0612218626473
5.27608640538 -0.0628950964637
4.80924058945 -0.159437736811
4.46929821643 -0.278914840825
5.03635931604 -0.409500284718
4.67820082132 -0.400964031853
4.25506746077 -0.352612832334
4.10953927042 -0.3057570872
3.76086706952 -0.334548396702
3.69716872677 -0.380786426061
3.6108588231 -0.394836840444
3.6152383811 -0.407470661211
3.87734745384 -0.368021821479
4.21354941204 -0.368229069912
4.44100823486 -0.363787239613
4.5670726811 -0.346741604702
4.75283109701 -0.320105515921
5.14014740635 -0.274480066856
5.18346574469 -0.127102348177
5.49598282059 0.0989223220113
5.74307077841 0.311675987964
5.98945529603 0.386095383645
6.10654045887 0.305275644676
6.10798897857 0.151272459155
6.10012035667 0.0137224951344
5.98380550864 -0.0558366538019
6.16777593559 -0.00218370141738
6.01953188742 0.125793703998
6.15238901342 0.327969189671
6.07388632407 0.529640791853
6.23435098392 0.572629553302
6.63682962514 0.389584007543
6.55963649903 0.172666087316
6.31853437525 -0.0465105052821
6.09141298074 -0.23098543881
5.96750227739 -0.33303070184
5.99343644123 -0.26280055484
5.91840081603 -0.158044422634
5.91747977315 -0.104151860043
5.76502148484 -0.132512787373
5.42450087965 -0.165271822506
5.16709986189 -0.160361821872
5.08863072693 -0.0390487105314
5.27441778032 0.0965641453204
5.42367602445 0.271530534427
5.66490242777 0.289157134097
6.06796150701 0.147579179923
5.9126991766 -0.0571768747292
5.910813223 -0.289038759768
5.62127519449 -0.466867524389
5.36740275046 -0.6236948985
5.23655786029 -0.69755727281
5.14495289074 -0.658246492689
5.37967336476 -0.539665958821
5.54394672893 -0.439781113406
5.60991909179 -0.393009225308
5.90710004311 -0.441191728283
5.90230567407 -0.530954708324
5.90214277914 -0.576249836167
5.75915668781 -0.664399002537
5.80402292879 -0.694253648851
5.75531170365 -0.687578283366
5.76298493744 -0.630405379868
6.05439583074 -0.581517220896
6.06294865589 -0.564098779522
6.00314308676 -0.560066774028
6.05026096786 -0.645789413901
5.99294342723 -0.785004755906
6.09861613425 -0.846309952085
6.13662756439 -0.860173533847
6.21191374243 -0.803761188648
6.08268029037 -0.763480921768
6.15937382489 -0.743293494231
6.29947516266 -1.65019540018
6.14572569237 -0.839570094091
6.06119122571 -0.616506008869
5.99497102594 0.486433035512
5.78795091296 -0.126248550568
5.42483098374 -1.19763415589
5.24031639821 -0.561864439682
4.87840506246 -0.495193948222
4.51516336556 -0.520945256281
3.97453789653 -0.603708846225
3.36906966335 -0.76574721934
3.3407897475 -0.975426304775
3.69178040086 -1.1310868904
4.11204039713 -1.23190957502
4.62510360273 -1.01690420908
5.0341486027 0.405953526025
5.42068917391 0.174159954389
5.74593534598 0.327274146944
5.82984995423 0.230954350565
5.68458585494 -0.0579815968381
5.44838551157 -0.398870888279
5.11368667089 -0.627339594218
4.78818290656 -0.664399452052
4.42903904097 -0.637309389061
4.1110467284 -0.557331855697
3.896437137 -0.439377154733
3.90946293799 -0.330639482234
3.76975180931 -0.31343324939
3.65920441693 -0.308537791217
3.55956785959 -0.289189939172
3.70614644915 -0.351808379105
3.71265426842 -0.429515987078
3.98107280075 -0.481847325801
4.21427613769 -0.506923428231
4.60722398986 -0.337512972433
5.03702198058 -0.0295653823175
5.36248767008 0.163090859935
5.61050677453 0.170776585571
5.60294963676 0.0684440911052
5.60334783196 -0.0575423599944
5.63708626453 -0.117960969403
5.86276582489 -0.145111402212
5.99247068326 -0.0210223993429
6.15843840622 0.230225724602
6.59123849992 0.41475869514
6.53464880143 0.47373150934
6.70437968046 0.436273232369
6.4777974485 0.32809966126
6.37006362228 0.219745553972
6.3223816062 0.146843508483
6.38646179373 0.033945967982
6.51525189169 -0.0126374819391
6.46463706366 -0.0792105504377
6.48135517634 -0.0161777999134
6.72021149418 0.101838862099
6.99434336691 0.137989013189
7.03584545133 0.0278839092621
6.9022412991 -0.122491300951
6.87963431808 -0.270692119102
6.80693142024 -0.316612560148
6.73035702375 -0.24221877267
6.95654729446 -0.104954425783
7.27298516347 0.0672715343268
7.36350531943 0.11490836937
7.74532513166 0.0517961000808
7.50304128407 -0.0362693117312
7.2531335384 -0.157043776318
7.10253258594 -0.296751974276
7.09903585626 -0.391371445122
7.02495196816 -0.457350359978
7.00886199337 -0.510802814814
6.9779810489 -0.486402537323
7.15430815108 -0.452134388408
7.20225007024 -0.484849168252
7.195872747 -0.576976574255
7.30490527817 -0.720704012995
7.2575531398 -0.854071525303
7.09048315904 -0.849082281122
7.16404902908 -0.663807043946
7.27012082198 -0.486216147406
7.57495558749 -0.37295160084
7.79242690126 -0.391904927874
7.63685643717 -0.498720283404
7.63496157636 -0.623422879229
7.53759307808 -0.73150529826
7.36294611768 -0.8067528076
7.2175539694 -0.821308925207
7.10443689661 -0.801221365872
6.99887338431 -0.763706642277
6.8503215457 -0.658945831776
6.77809647473 -0.641582059682
6.81321052044 -1.57483392255
6.76145582314 -0.82455014199
6.48745982806 -0.63771844698
6.31757115434 0.469176635615
6.07591857052 -0.219698263281
5.67286155243 -1.31397676738
5.34993308843 -0.669621566924
5.18937096714 -0.614965603592
4.86220414558 -0.574643451543
4.45865477625 -0.413430719842
4.05439909827 0.443613828395
4.13101711112 -0.45731695358
4.33321364541 -0.662550095937
4.50776026698 -0.767773009734
4.98149005655 -0.836491497385
5.19133871845 -0.81968498499
4.94576299556 -0.759990484675
4.51443778537 -0.687181541181
4.21339300158 -0.56460810463
4.0318643302 -0.467569287601
3.98527653089 -0.348466999129
3.62623864415 -0.236729586491
3.41125370523 -0.139631965984
3.45854844969 -0.0641982901747
3.37541216864 -0.0406708763701
3.29869083897 -0.0949279429024
3.38753268571 -0.144732307226
3.4938081958 -0.218334333045
3.77741911121 -0.259631851382
3.87937318474 -0.314700751006
3.88090725433 -0.392499447209
3.94520596157 -0.440222939173
4.24272169536 -0.436154603135
4.74901736249 -0.235212419699
4.99335744112 -0.000776523765468
5.32330381897 0.12629714628
5.52581314351 0.112936197159
5.50032065584 0.042117022414
5.47728710693 -0.081954937764
5.4994829731 -0.185473280856
5.56668247871 -0.13945814859
5.74719980387 0.0860885353462
5.90878670173 0.330822280681
6.15753971691 0.598926890761
6.16067449413 0.623135934752
6.16071267259 0.49444385943
6.16071306614 0.319592785107
6.08966799149 0.187199945405
6.12817617255 -0.00205447222118
5.96846097438 -0.154735138971
6.17325755518 -0.153308990622
6.27785404518 -0.0638086385435
6.47908015292 0.0222930549929
6.69730641795 0.0789795215005
6.63819204041 -0.00412927913829
6.59566632682 -0.201845488401
4.86408463365 -0.368333950983
6.58175113776 -0.0118608506617
6.84781470734 0.176257809228
7.21722644002 0.25185321123
7.34882445211 0.181788942206
7.35044341284 0.0332307503819
7.35046289366 -0.158084022504
7.22208446826 -0.330146112102
7.11282938583 -0.44856677319
6.96112202605 -0.55364570549
7.05168288972 -0.664678758267
7.31205005906 -0.625275557207
7.31575531166 -0.533812081761
7.68931041708 -0.44727490347
7.78711511587 -0.363841564882
8.09509866223 -0.354053907466
8.25916264587 -0.446241185856
8.26119152092 -0.527964691391
8.42757637507 -0.625602616048
8.44556752678 -0.733612144551
8.49932060603 -0.814513638061
8.42533123228 -0.815434976126
8.43855258468 -0.817358224514
8.45448811919 -0.807949343223
8.50926310161 -0.784216268755
8.45625851052 -0.759585873984
8.35287138793 -0.724538806838
8.14220245446 -0.720767128884
7.85650420948 -0.70083788959
7.47396122809 -0.708066938955
7.36575693018 -0.731780118061
7.17104291241 -1.64806841449
6.91579834815 -0.869222622893
6.48940891758 -0.668534307185
6.32876316505 -0.524620281208
5.85715517091 -0.44518849327
5.61794152028 -0.438071619031
5.55217306369 -0.506052188527
5.49292211858 -0.559051336266
5.56413970501 -0.586460904437
5.52210144726 -0.615056277446
5.24126116619 -0.605663014915
5.18121272908 0.333281473668
4.98741454057 -0.46417195449
4.82870318715 -0.559947331452
4.72627525667 -0.526218717964
4.58729900744 -0.467483901409
4.68241154428 -0.409870934262
4.57021491692 -0.426061686543
4.4663401919 -0.470014112636
4.61337271843 -0.476277616267
4.62846080121 -0.458110628064
4.57326108943 -0.443832724868
4.39023255742 -0.457550911812
4.2353090873 -0.500248181996
4.27585518237 -0.521533590136
4.14359181063 -0.527918605452
4.14830528224 -0.519458825013
4.27559442856 -0.456957235786
4.38032083128 -0.394471705388
4.5816655066 -0.309628180755
4.64272821837 -0.200802089596
4.6244251284 -0.131557905452
4.97896182427 -0.118921143589
4.85081042848 -0.0686300676393
4.90169780478 0.0321735109037
4.98686849092 0.109191361106
4.85678009736 0.205546464244
4.73534827368 0.23704554734
4.74977577903 0.258485988978
4.67479241988 0.272048931276
4.5738820113 0.267468705648
4.78184586531 0.278427835072
4.37802274362 0.2697409954
4.39736594084 0.222411307965
4.2812391051 0.206710933669
4.1869944218 0.158507054237
4.09410918636 0.0785795037756
4.06198799897 -0.024013806578
4.11620629928 -0.115454322018
4.27733597477 -0.181267571361
4.69810214423 -0.236633751814
4.93905388691 -0.138574501491
5.31383922641 0.019434583985
5.63365125201 0.123283150577
5.74860185008 0.125614525596
5.8635659651 0.0822774766533
5.86498395219 0.0321284255351
5.85297085726 -0.0322816167048
5.97387774061 -0.140958812337
6.10623582028 -0.191398589678
6.25942143159 -0.210832236096
6.43195825154 -0.203530880705
6.38718931827 -0.264329226864
6.44666214985 -0.341920355649
6.52408642694 -0.454011335037
6.66376773574 -0.554440056358
6.73647058409 -0.538086075097
6.8039414194 -0.376494460607
6.93117616614 -0.331601706996
7.25321506319 -0.282269164028
7.58077539872 -0.302202185464
7.75138367864 -0.465508526195
7.92206259638 -0.605459284671
7.95574364801 -0.7050334188
7.69717070331 -0.767263141851
7.80486002083 -0.78692622902
7.79497954178 -0.758937769456
7.74401803357 -0.685984469698
7.7499295607 -0.612433644752
7.77710454062 -0.595739967428
7.68588605073 -0.622670968904
7.65087096227 -0.678923338087
7.49246947117 -0.713366577112
7.34904928237 -0.733745876164
7.23272747196 -0.729116661181
7.16930358765 -0.754230190041
7.25579030761 -0.747906587245
7.13393791911 -1.65519143991
7.04811951952 -0.847901521107
6.66770219951 -0.593423314611
6.53551141207 0.502322544044
6.24844435341 -0.176551629365
6.07274206908 -1.25416601799
5.8989531098 -0.619305069021
5.49717862867 -0.538158411285
5.43833037275 -0.519462103404
5.09209683611 -0.583368153667
4.81218439784 -0.721934669693
4.90458030544 -0.895245027207
5.19056679523 -0.994021642489
5.35452295318 -0.017343186053
5.86829480843 -0.28616555308
5.79064910193 -0.310820382353
5.3926793748 -0.418616644764
5.09146818783 -0.539288423365
4.63914165894 -0.518732556457
4.29766814183 -0.421671010789
