5.86072175155 -0.871546867029
6.19944611084 -0.917384297099
6.57838812384 -0.834760363962
6.91591369543 -0.73565552676
7.16194178851 -0.595084178595
7.15272965614 -0.549084315677
7.3134620306 -0.664758605037
7.20785671183 -0.891375219234
6.77608565987 -1.09378042463
6.37617301807 -2.14197846571
5.92422705376 -1.27609191038
5.75123027512 -0.859672656718
5.723149989 -0.412680348695
5.39165043367 0.790308532487
5.38781525494 0.0181115286345
5.21301654966 -1.19937984811
5.26177017441 -0.719237768721
4.94705137318 -0.726254612259
4.66803037515 -0.543923590991
4.61922555224 -0.305494925866
4.61589009063 -0.241043938432
4.98343771463 -0.248038246696
5.35252641527 -0.30495954549
5.90152702552 -0.321015834621
6.090638732 -0.341992029959
5.91290638034 -0.418394321591
5.72846132944 -0.488721624806
5.09909800066 0.606880259467
5.16348283239 -0.0401038367115
5.34056948096 -0.0122610342493
5.56242345661 -0.0573915659301
5.48374125735 -0.303231629678
5.48289796166 -0.600417018869
5.1681225229 -0.83995047441
5.04047310913 -0.933183880194
5.02999008759 -0.820226942293
5.13589194783 -0.593410508671
4.98097252304 -0.381584808392
4.90296824536 -0.332195309814
4.47036073512 -0.384617044919
4.06820163682 -0.441607083726
3.62024182515 -0.447685784612
3.20668580784 -0.2562737553
3.49028984993 0.0366974135502
3.76467884541 0.375343126488
3.98876849302 0.725422870868
4.45939231484 1.01649976972
4.5193087931 1.08490530807
4.39869153711 0.939555732609
4.23127336038 0.690125007108
4.1133934113 0.425061839723
3.66346334368 0.210637394482
3.29117084072 0.0220855846431
3.05901268694 -0.0932253443649
2.86751182032 0.0385727256673
3.05380744388 0.28110703899
3.24764141965 0.545760309057
3.3894292264 0.600621212476
3.39123274052 0.316152099993
3.37626633645 -0.0691043012217
3.25135057842 -0.418531007643
3.45014148002 -0.528841105056
3.61842493803 -0.393033907406
4.13099907769 -0.275132558501
4.3787293556 -0.142998850372
4.96614771943 -0.0304036616314
5.20764334062 -0.0637652624569
5.26671928923 -0.180583409276
5.01358727997 -0.309875839888
4.9877634106 -0.230055729836
5.05451656521 -0.00345275788921
5.33900076469 0.321336036009
5.56240355565 0.673568012755
5.91693367671 0.943642063287
6.20247053133 1.11780363501
6.49343557618 0.944951809482
6.4645540207 0.524253237605
6.64666156342 0.0366861163587
6.46656302002 -0.206772633216
6.51593142269 -0.0976959389281
6.67583692832 0.145548231043
6.77012670296 0.418503858102
6.59754358154 0.508116564864
6.32511300304 0.422954467866
5.88576217568 0.1676962235
5.52604765653 -0.139956463515
5.32091699255 -0.293364555448
5.58595211418 -0.3819330925
5.76798295539 -0.337612604706
6.024298799 -0.320562439746
6.22951257451 -0.513504201229
6.10907561901 -0.777182909907
5.81221955777 -0.958908341964
5.52339864166 -0.908054958512
5.22199392083 -0.614721371677
5.2760489168 -0.224892144963
5.42026960053 0.149499960785
5.93902400897 0.527006301864
6.32921838705 0.796742971762
6.98202254859 0.621735922353
7.15430856369 0.165840781536
7.054374276 -0.340873927885
6.82660849234 -0.69058009965
6.7777477007 -0.788111043852
6.73748733879 -0.708874407394
6.6159678255 -0.534679752118
6.57639993156 -0.293860512844
6.24061533489 -0.151097703012
6.23655349798 -0.163660326632
5.73990747136 -0.299506142932
5.23467760526 -0.478829519033
5.058757016 -0.640048883628
5.08616351816 -0.763893851443
5.54030960121 -0.908373028308
6.20410427659 -1.04855831889
6.76368692372 -1.09196768999
6.73240794774 -2.06390001787
6.74891129488 -1.23533384219
6.33108680533 -0.870719990973
