1.86326930536 -1.16885857178
1.99258919126 -1.06368134756
2.48440016187 -1.06644750085
2.95151522634 -1.00931017549
3.11904832558 -0.831184544086
3.4239827639 -0.667754831427
3.24379016863 -0.453996960624
3.3110934517 -0.0608707829584
2.99435426875 0.465456358673
2.99061976825 1.0608572076
2.88691238292 1.42290623708
2.83734704047 1.4399519391
3.20369258038 1.07796537734
3.50702869724 0.635486107004
3.60589281098 0.0102810637203
3.35597667696 -0.526353039575
3.0753661177 -1.0257665838
3.1365982316 -1.24665547012
2.94836669353 -1.23013718924
2.61725872036 -1.25828633203
2.37828826836 -1.19903894791
2.19781498066 -1.08410873496
2.15283621504 -0.736556721405
2.30398024476 -0.262046641826
3.84491270934 -0.159350921834
4.24144353985 -0.529785157942
4.4142603422 -0.885248129922
4.54886351021 -2.3983626056
4.25327231704 -2.13799801886
3.87414479101 -2.14070715128
3.65163304761 -1.96594643373
3.63697179618 -1.5412426354
3.48654561359 -1.10929014029
3.64831099739 0.187206704928
3.96388026561 -0.321657238897
4.32497054381 -0.281712699173
4.58235723412 -0.327164575986
5.29390631907 -1.25020215962
5.62646544706 0.427071312161
5.98977702285 -0.180971603892
5.99421286208 -0.24464029213
6.17411274195 -0.429234472111
5.66949052647 -1.52208876552
5.27267714168 -0.706096523751
5.08897569575 0.722456111825
5.30010155044 0.516238854791
5.78371099975 0.814103774558
6.31986505694 1.0927924279
6.56972203904 1.44932958446
6.85978000659 1.63029226568
6.53875407951 1.3660099816
6.14690084634 1.03408409209
5.4505948611 0.777109345954
4.74114652 0.499467214367
4.11952507159 0.129964678786
3.71357747844 -0.198977162036
3.33757160853 -0.564038711159
3.25090807996 -0.756381770685
3.03604361563 -0.747027947313
5.85200541629 1.52522426341
6.82998121393 1.18394007252
7.03266295397 0.797035142953
7.28074012552 0.475840082173
7.28786732729 0.384257679979
7.31279011498 0.372684814548
7.065790451 0.396636209545
7.00063115801 0.364652269309
6.48094797287 0.57613580147
6.05554244679 0.876805568387
6.13182684089 1.01622587044
6.12803118715 0.970082282468
6.27730347983 0.695175046368
6.23939747106 0.296854019402
5.90625511082 -0.00841649562038
5.56951170677 -0.170272099305
5.22934471492 0.0218162057749
5.05873402433 0.252724304547
5.2263346971 0.477966897381
5.90257026335 0.718184208984
6.40943782097 0.983542915458
6.90700881763 1.09723989301
6.93209480694 0.936436050118
6.66922541965 0.546861831392
6.45635940577 0.167289518796
5.97284882733 -0.277159202352
5.43656508343 -0.565755837668
4.73953694546 -0.499637487316
4.31888301725 -0.18961708711
4.25075278282 0.235590942988
4.56201118955 0.649281528027
5.46085560482 1.14670822854
6.12044715586 1.5393327657
6.7400112538 1.75000782678
7.01982732043 2.73590906593
6.99831857974 1.86436211473
6.24304114079 1.00467668905
5.56820963981 0.609141195454
5.03535859215 0.265668235395
4.6868225689 -0.923409927782
4.53901834467 -0.310774080937
4.14083091277 -0.266112389854
4.07669379817 -0.390031637206
3.53811117876 -0.591316907767
3.14369894643 -1.70210956559
2.93539598701 -0.929281240686
2.59778924846 -0.669097951128
2.67351457608 -0.680926738239
2.60540311513 -1.02789614121
2.84702519075 -1.47086767807
2.9518739234 -1.58990650813
3.06917350128 -0.549252326337
3.08400542667 -1.09991527914
3.11155490149 -0.940851244388
2.92976217713 -0.670785991919
3.06991845789 -0.411358284667
3.0720915264 -0.293756422974
3.65066299721 -0.229790903407
3.98106409841 -0.0168303225469
5.14994773915 1.18130847967
6.0100307467 1.44077797867
6.9860180624 1.68256034355
8.04013472137 1.89537699245
9.26173668422 2.07370661069
10.5641830334 1.98658124518
11.7922295242 1.85729793445
12.6587304913 1.66626115727
13.2702949207 1.46725815316
13.9994675564 1.13710479868
14.1344166016 0.817928786704
3.5643925231 -0.449504407098
3.81777492805 -0.0186251010624
3.61829294055 0.293482567663
3.52676150644 0.411018748595
3.37694556798 0.0780041659197
3.25085213521 -0.493217621449
3.11776427679 -1.03196329113
5.6033891722 -2.98348950532
5.63648539648 -2.29283299722
6.50988131128 -2.01809159068
7.21299304155 -2.02974682973
7.68887353064 -2.15487636747
8.33303331782 -1.98545475752
9.15823187685 -1.41708214625
9.93888186573 -0.802130743666
10.0582120775 0.492891257472
10.3464586151 -1.36325420163
10.2969952427 -0.847942161636
10.2458425027 -0.753976464995
10.0681237097 0.44088558187
9.63648723872 0.154212895
9.66760073676 0.301556366269
9.74886439018 0.554408444453
9.37182878858 1.01405850726
8.84093916593 1.31635129486
5.26878140887 -0.278024350495
4.97807951557 -0.346303549892
5.011587823 0.0280343109779
4.84979487413 0.546104724292
4.94222398764 0.805044943882
4.89180118277 0.756811049062
4.94187459787 0.635437961158
4.94450762816 0.724463209128
4.60443837601 0.941676230747
4.14279600562 1.11706961717
3.8899692416 1.14862192396
3.65431330265 0.830938350146
3.75116044412 0.383444492215
3.70839917357 -0.102367389826
3.69665219068 -0.132848712335
3.70788275329 0.102556006217
3.90767907467 0.645822366193
4.47523218453 1.04513481954
4.9813858111 1.07387807624
5.54211283595 0.742964740887
5.62906748476 0.278186588557
5.52276901808 -0.0428917158832
5.3053947923 -0.091525236156
4.87912086984 0.157181486295
4.69447407428 0.689270518001
4.72496764062 1.11572252164
5.5406005076 1.4010971956
5.91918345026 1.54156548979
6.72047624956 1.5976870083
7.05351706183 1.64284411832
7.3722079887 1.64496038444
7.52469212912 1.67553013317
7.4181750743 1.43521904165
7.23250886303 1.02927466641
6.88410655358 0.592456619602
6.44571601957 0.123705484529
5.45771518214 -0.341356766115
4.5378749997 -0.560066175619
3.85202986799 -0.385515001723
3.53061061713 -0.00675500108944
3.39024192928 0.288059084009
3.6546512658 0.575693968186
3.70823611942 0.73214425863
3.90741024023 0.529130642784
4.02973467805 -0.250574349346
3.93673600209 0.0625725233233
3.6995704749 0.694697146311
3.62264496543 1.32565794321
3.67578050183 2.68145069802
3.58622109741 1.71018014072
3.87057043965 0.139717572548
4.3991729975 0.257105955481
5.10010414544 -0.231707206376
5.03096608696 -1.46345614292
4.57811617439 -0.689045211268
4.18073407792 0.562011541145
3.92999805107 -0.0886875284055
3.64198179145 -1.18112297693
3.74868118043 -0.646511737256
3.67874050995 -0.609059753335
3.88777593126 -0.527123229337
3.89171381151 -0.319292297825
4.22373342434 0.751908614294
4.50583682618 -0.194696735204
4.85445121983 -0.885253991896
4.72664965285 -2.47289791815
4.25488468657 -2.02246213484
3.43656934214 -1.91455793689
2.49963693226 -1.34083419834
2.63047151593 -1.064994983
2.52825539547 -0.566661809323
2.55447699801 -0.062252402483
2.53520992789 0.446323030948
2.53505100149 0.77751799545
3.03316547715 0.97013739888
3.44549797316 0.940103314413
4.07845791216 0.630130125638
4.74707246357 0.288705713594
4.76046253003 -0.219494349156
4.46878525804 -0.811803286172
3.47154556337 -1.2594139755
2.27357764992 -1.3180113938
1.46229181112 -1.28124369188
1.33003489546 -1.17153111626
1.78434368483 -1.02657965607
2.2429543516 -0.664958122126
2.77631111217 -0.155152959234
3.13862162915 0.422483267277
2.99237060123 0.98929533347
2.62124414795 1.39726047107
2.04397928071 1.46915450239
1.91439970254 1.25633846615
2.41567669549 0.982604831957
3.20062243605 0.730840705328
3.60290963849 0.513139151974
4.32054253248 0.1881583684
4.66060130592 -0.19391540218
4.81033636484 -0.467299829354
4.80324126454 -0.795932567294
4.62121359599 -1.05958215699
4.08253840794 -1.04184913293
3.55080576912 -0.852925776353
3.25334036055 -0.783772002928
3.08174316792 -0.782626738234
3.13700253467 -0.47030933922
3.2354035137 -0.258381936117
3.36018590298 -0.22105218138
3.37578972259 -0.370339376905
3.37609238428 -0.646431653484
3.13370748466 -0.969496704744
3.16718242297 -1.01722753615
3.22835248529 -0.933408401623
3.65262124918 -0.802669567606
3.72509254735 -0.820564119606
3.71287844254 -1.01487752372
3.37519747119 -2.09230504547
3.12449461626 -1.3573915913
2.76421838581 -1.2096224186
2.74926747201 -1.1200877618
2.74944436672 -1.0353226835
3.17559335859 -1.14563934195
3.71926117886 -1.17112566713
3.98868775673 -0.989253273198
4.22665044655 0.22961435655
4.18644201909 -0.166848338065
4.18599216905 0.0488499926046
4.5807626068 0.161860651212
4.90972127625 -1.108195675
5.20551198271 -0.851276368878
5.27607156072 -0.910090866106
5.21002653938 -0.774522145201
5.08921011813 0.50690691498
4.86157198593 0.201559713078
5.14259011832 1.52658590123
5.44171631815 0.97775993373
6.22884205439 -0.0653775102433
6.17039385772 0.529643813869
5.07563589872 1.00816916433
5.05914745614 0.65153910573
4.9748180213 0.147828670202
5.05490585698 -0.236470378838
5.05604549408 -0.371396310282
5.17503588001 -0.294186943899
5.33930289676 0.0496504992893
5.50429444055 0.480090507295
5.64190442309 0.805848423444
5.82642753507 0.973525408046
5.98898060109 0.942684583093
6.13455712723 1.02106728388
5.99468020196 1.05650326106
5.72596871099 0.95538716435
5.45140581182 0.713751636657
5.11201974739 1.14052996524
5.59641067103 0.739272918124
5.69929545664 0.214740876919
5.43058192483 -0.439823391864
5.1674726514 0.0221415334762
5.47896859384 0.723233263659
5.69811541171 1.36470343264
6.24934861242 1.74018198649
6.84978852202 1.79421822464
7.22092844913 1.68821335479
7.15480334201 1.63413860383
6.6694864906 1.58734221728
6.250560694 1.3607871364
5.64392421328 1.01260151012
5.38514272301 0.559315842477
4.7678512566 0.0942739394028
4.38706757688 -0.490992962403
3.99055160854 -0.94204830008
3.51785133411 -1.02380676082
3.69427984036 -0.892032725822
3.54927779469 -0.708980416084
3.91096612799 -0.651714316529
4.22603865567 -0.478638154584
4.91088472244 -0.123795312713
5.3011725811 0.203305845451
5.63923208063 0.477614011439
5.89997334072 1.56760702515
5.85642155729 0.868812701903
5.87978083413 -0.386863972055
5.97379415775 0.106638699708
6.13526787876 0.0376205759681
6.41646292349 -1.23514236534
6.46127429737 -0.868903227903
6.70772541013 -1.15743374793
7.05870485314 -1.60932022968
3.69109307872 -0.844211082235
4.47249932969 -0.772960135658
5.09688391409 -0.506911574131
5.60705630503 -0.18829325944
6.0452949344 0.14052905042
6.148240963 0.428653600283
6.14973793597 0.589349261596
6.13361274873 0.468197595463
6.21217121014 0.126296916359
6.45669996641 -0.481103461019
6.52457120348 -1.21727734675
6.4418227516 -1.84240000954
6.81195572219 -1.95760427214
7.33691339771 -2.71432099684
7.35441903672 -1.59259027381
7.13498945456 -1.12855810402
6.81025569023 -0.802669362787
6.66484599451 -0.636613049122
6.705836802 -0.704510348682
6.47781338744 -0.838292699207
6.64695052263 -1.05860710905
6.54683017281 -1.00876264523
6.60049937558 0.308755880555
6.51775158755 0.126587572161
6.48232657648 0.508756537956
6.87833814626 1.55605121576
7.14111837381 0.317658712863
7.29956249512 -2.27571088442
7.00234632281 -0.953639117254
6.99878756238 0.672625794022
7.12308252627 0.621068533173
7.11139651009 1.72731991728
7.12459287693 1.07174254091
7.15956511932 0.0201855841824
7.02831587439 0.762451156869
7.09727295003 0.892659374889
7.29893145379 0.84517176197
6.90469547114 0.685894981908
6.0897075206 0.537587993536
5.34981218114 0.240172803553
5.08975410149 -0.0476925077978
4.59071219832 -0.43836368193
4.7746560404 -0.729996309641
4.84674186954 -0.744967187403
5.10309131615 -0.368665434892
5.47841350508 0.351232678874
5.75162601436 1.03852757855
6.08803266086 1.50506487617
6.09188640608 1.56210065088
5.98553569895 1.41837176538
5.87930633231 1.21986092632
5.63905835255 0.966549868771
5.1918856989 0.710759116931
5.0408786112 0.373960299779
4.57461277542 -0.0478502718837
4.33890531432 -0.155453899512
4.22915154004 0.101493987574
4.61041469646 0.511654465547
4.93932442087 0.851894701145
5.31384016904 1.20444311697
5.65837921568 1.40867487509
5.74440815807 1.08279345682
5.91508818206 0.685830462864
5.60629691706 0.418621586493
5.09296022495 0.524978528553
4.51778214694 0.936124696592
4.28237511958 1.46940391791
3.73910101045 1.82447648887
3.37769488284 1.81546076167
3.65148784002 1.39004432279
4.2203233043 0.847080582371
4.19371239605 0.2380723178
4.21708822066 -0.295453362755
3.76391261927 -0.651456305125
3.00000173299 -0.440140731264
3.6073043723 0.311885204241
2.91875454784 0.950591062643
3.44632595582 1.01551272255
3.60581223564 0.95626389545
3.93151034611 0.928836924837
4.0010753895 0.959121234108
4.47790569634 1.17327961811
4.9173859737 1.41366859241
5.49831070121 1.64193418441
6.40745299987 2.73773146592
7.46496741664 2.02964728775
8.11618610486 1.60643730772
8.79984836246 0.289153778904
9.51938079498 0.697493916323
10.1672240527 0.59190158211
10.4808339667 0.555029944469
10.5313381347 1.47336106603
10.7819201681 0.681993391942
10.6383582393 0.534186449854
10.7067109 0.632473114958
