4.80939166431 0.70327613261
4.00922713775 0.31972181496
3.56669934121 1.13542782808
3.0169861715 0.34424016342
2.67519312049 -0.714579196249
2.04525897474 -0.0467150986656
1.49299879059 -0.0931265425888
1.05661480548 -0.229140629948
1.05264212725 -0.244661819333
1.3318549932 -0.274205941716
1.95780530133 -0.336653247769
2.66257125133 -0.386609069533
3.24281363654 -0.441003302712
3.56815702038 -0.462206447779
3.72516920876 -0.478119871608
3.5145454608 -0.488491330243
3.32978038151 -1.46335507521
3.18086742955 -0.750595927413
3.12263278349 -0.523027639018
2.84468667507 -0.329129583271
2.75408993946 -0.274604109222
2.84026810441 -0.245033957154
2.77642825739 0.878420237908
3.06827354184 0.481602182006
2.99778076772 0.783410498794
3.3553926185 1.02898491131
3.79753929855 1.20687641083
4.22583150249 1.02979856917
4.67044522818 0.610719463563
4.64221251566 0.339985752159
4.21793740184 0.180485759751
4.0638042997 0.0613637123959
3.73065106089 0.07126365128
3.61701621098 0.118024982932
4.02675048515 0.0477787404338
4.45981015923 -0.2105207221
4.68409686434 -0.600306882059
4.57026930356 -0.836953027374
4.44534815664 -0.62163973382
4.54892385348 -0.200261667088
4.88735110326 0.205565757013
4.91880498532 0.371508523076
5.21496243823 0.126649855528
5.22464349223 -0.375362107446
4.98642598978 -0.799214752874
4.84644200245 -0.960035779728
4.64547203201 -0.780616458578
4.23471106562 -0.545892120896
4.21391422134 -0.278055312395
4.05146839803 -0.187847810965
4.04533303889 -0.251159067061
3.87880910813 -0.335824925621
3.87677811941 -0.256798263268
4.04325200986 -0.0352303279625
4.21178109049 0.350985601373
4.39549677105 0.693546062075
5.77415239903 0.335576928467
6.01357804884 0.375271868069
5.86240476122 0.647300363161
5.60633457347 0.948306592992
5.32146131685 1.11058352825
4.94689000675 1.14901723658
4.42375630245 0.896998488083
4.64022063485 0.741456589841
4.51208292795 0.669123384164
4.61870559058 0.652783501743
4.68289535624 0.474322079167
4.57022135199 0.323663295917
4.39990847141 0.284390481581
4.10863522358 0.279256930848
4.05353251201 0.464844099125
4.05290010961 0.666927807793
4.10445548067 0.840262926118
4.33316933543 0.90937843995
4.46338765883 0.741772111331
4.21331209118 0.373714829415
3.48013316648 0.0683078764006
2.90155519673 0.376079239085
2.81612986374 0.73402719638
2.89374422661 1.07946965453
3.07763888919 1.25359622906
3.63047595626 1.24307534549
4.13074713626 0.939228610476
4.52108585174 0.6601144288
2.04479195248 0.771389154197
3.38658837437 0.415125587415
3.61302906663 0.147175046339
3.72490344519 0.163982432224
4.91901630061 1.12695481512
5.49914178388 1.15692132498
5.38386036002 0.920547082786
5.2347432617 0.578829512655
4.98119741728 0.30074908284
4.53435882893 0.230065774159
4.33548701122 0.185914574792
4.32879713868 1.03953119608
4.06805410027 0.232609978151
3.93601108997 -0.87486639109
3.3050156862 -1.15883059466
2.91964193581 -0.355109110617
2.84030782166 0.822260951428
2.53195702242 0.202222662345
3.17317396129 0.270101116961
3.50740512814 -0.501695743948
3.72367257036 -0.193047829912
4.20441627886 0.188729971922
4.62351854656 1.37698677287
5.65838442811 -0.32285906049
6.10102384157 0.129691230598
6.05119477496 0.0865989827619
5.98133475357 0.110274760365
5.86161527497 0.230599038802
5.67330875686 0.358316042319
5.56231624001 0.485471871829
5.47229036096 0.556644984184
5.32375996053 0.526184118735
5.29441258336 0.338385173416
5.14739535381 0.0647238296543
5.38754797679 -0.424645599797
5.39048136532 -0.684168607542
5.32803135366 -0.626181192005
5.44390265981 -0.290812812404
5.51973707496 0.0253973386185
5.74729936711 0.0534944392394
5.91164805731 -0.171525170748
5.62170386098 -0.393970748756
5.67825850925 -0.437307151969
5.52253667092 -0.251629085998
5.45012425867 -0.0754701066745
5.6041199793 -0.0108618712561
5.085617611 -0.451162738937
4.99773764277 -0.885702786747
4.60522382625 -0.891411655363
4.68205434553 -0.399869943184
4.8352717135 0.565953698718
4.84432643498 0.846400650186
5.09818874328 0.450109971079
4.83034676977 0.431485276151
4.46452623257 0.368096921545
4.46006678446 0.371519542985
3.54653048763 0.232734292883
4.11642531677 0.48571788245
4.95320003222 1.25699709036
5.58217417937 1.35239183211
6.26831359494 1.25450805142
6.96334024481 1.41299787229
7.37264138492 1.59040755213
8.19893043393 1.74672657585
9.19108396509 1.81037809664
9.96891531238 1.91670859177
10.7951105554 1.93893010309
12.0798258805 1.82291704623
13.3164662688 1.54839988494
14.8172133798 1.21527888479
16.4292363973 0.932489921053
17.6701249719 0.45237268273
18.7478560814 -0.390597800451
19.7469266224 -1.14817190586
21.3091622198 -2.57207724198
22.5318689317 -1.85163954234
24.1320816512 -0.571488287535
25.5911009815 -0.721692109729
26.7433443251 -0.25272261631
27.2219875889 0.195675773954
27.1480100887 0.423581334331
27.6087981457 0.550521226071
26.6948002223 0.549290769716
25.7043733447 0.53763294213
24.8649329331 0.804107065351
24.0290869205 0.863407557273
23.6394097381 0.822717571716
22.8756862906 0.812756122136
21.810770164 0.806979767706
20.7430025067 0.787652463544
19.4437000601 0.758298381072
17.994825384 0.718984483229
16.6055364883 0.674192607212
15.332797045 0.640377949204
14.1262599796 0.619494083227
13.1641017111 0.647453502479
12.7327302681 0.673743995046
12.4186614521 0.709182336111
12.0379612464 0.919471546864
11.8243513047 1.21474965263
11.664628025 1.36560697291
10.8338312998 1.52997757275
9.70256734007 1.66993453562
8.3147849231 1.72777027888
6.60364888457 1.67330131814
5.2917294158 1.48840960226
4.15312943065 1.98385136737
3.12604322847 0.622907175686
2.51608284747 -1.90277691505
2.45248630113 -0.713190778998
2.24365059396 -0.500725514064
2.27217311321 0.657015232991
2.27259219202 0.0679813436095
2.60258863304 -0.098901963285
2.9496135487 -0.226703736351
3.6874070029 -1.23390536259
4.07117713974 -0.609939115908
4.42997963615 -0.568990822692
4.43440422857 -0.508010117744
4.43430378819 -0.2835595023
4.4344569412 0.842389378046
4.61363837163 0.144070739781
4.62785657303 -0.131477861969
4.82462383642 -1.32137895667
4.64571310903 -0.776987667889
4.61914532912 -0.557437269551
4.43350712277 0.785437294053
4.79893907314 1.38980887843
5.20825719472 0.900561971838
5.60755005691 0.783566722285
5.98962192877 -0.427624286638
5.81764772161 0.0944309555423
5.73316373992 0.128560354972
5.50224199249 0.224769942969
3.84617723432 0.267755561781
3.76863185155 0.266991380395
3.78033228226 0.193239844027
3.37518953093 0.198131875916
3.0869996946 0.291566478624
2.99041736133 0.300726336005
3.23898389199 0.411777462324
3.72939911927 0.41307271184
4.37991538392 0.14463950211
4.71854784041 -0.416116507527
4.81997986002 -0.888341194053
4.39325941969 -1.00046783254
3.99015580555 -0.599732065604
3.7941762632 -0.166953460624
4.7755644553 -0.0320120715013
4.85675531959 -0.298932535685
4.60910686556 -0.622448264526
4.23919003331 -0.823785830936
3.61793506552 -0.765060857473
3.37890027951 -0.569858718249
3.07815975668 -0.429577424011
3.22762122017 -0.306998452517
3.17194837148 -0.231275682736
3.07323553374 -0.312352468731
3.14250665436 -0.155733538906
3.07292225604 0.535243730188
3.22798340095 1.54731422999
4.56878444264 1.57566778477
5.36827886669 1.37503423351
6.14137415523 1.1202209251
6.71627134326 0.837378593191
7.80687718361 0.688484696772
8.56542972898 0.638885483019
8.93612338266 0.454257046897
8.8109233081 0.313580539261
8.60217793351 0.189155079934
8.15709634848 0.0574111371539
7.94164122392 0.225271442752
7.77303305216 0.487377781137
7.61863041785 0.71046403463
7.40526634332 0.858540289177
7.38718976595 0.830355306088
7.45294361361 0.56909929481
0.740841739231 0.457190349504
4.81862853212 -0.526493086191
4.35504864447 -0.146271768479
4.29029340901 1.05059785762
3.99447474447 0.899370079203
3.49413249611 0.621205848421
3.08887758641 0.306037293419
2.44305610067 0.11665052511
1.74529921633 0.988878962653
1.30689882451 -0.779435124724
1.2181222822 -0.312277846365
1.12045698437 -1.38189410034
0.772674466298 -0.459802992157
0.541064677915 0.844849824271
0.505693514134 1.15042637589
0.914563592661 -1.84832230708
1.23232916933 -0.954489183958
1.23626815957 -0.860155366124
0.753924205306 0.592649611138
1.29499001806 0.372082453319
1.48432970928 0.452449169197
2.4402136675 0.340596384829
3.12966545081 0.186686675356
3.74551725639 0.0534733478293
3.75735472461 -1.03188458024
3.72656452315 0.431345668528
3.65414669601 -0.391876773504
3.41908408902 -0.731561820323
2.72718844107 -0.763829206657
2.22724647619 -0.348311684653
1.36735602648 0.189715072565
4.52005251895 -0.631379995745
2.50353157651 0.0831120702666
2.86084466553 0.318015300368
3.11034056438 0.106323510691
3.24804863067 -0.432439697186
3.14015028638 -0.872834445578
2.98927032767 -0.95229220273
2.17994826999 0.0822297841191
2.53783404465 -0.123953686286
2.74723063809 -0.380471130469
2.73860513532 -0.679363397386
2.61914849036 -0.757406110702
2.40276642356 -0.683375901064
2.22526943588 -0.326138881537
2.15406281072 0.135920812312
2.52927814655 0.631609404732
2.98486495152 0.917396081409
4.67217213485 1.39292894919
5.04758396737 1.39085763736
5.38979394221 1.17112599477
5.71780357075 0.841376957728
5.66784569496 0.484694568395
5.67861502837 0.313698315277
5.52559559736 0.277868267403
4.87972840338 0.572602257578
2.38157260004 0.341793520608
4.66922229207 0.0645964142008
4.41040880531 0.278195742822
4.15156264762 0.560689654873
