4.54276137745 0.0170731445832
5.41813977227 -0.00943877332667
5.60807147849 -0.136134792347
5.39914483183 -0.244061402112
5.5633345017 -0.341199353519
5.23253491738 -0.422750739102
4.90598960032 -0.491742320189
5.13702835495 -0.467522205859
5.21803570984 -0.318646347078
5.42734599122 -0.121024332794
5.42992028031 0.103684884284
5.14345419628 0.344122515243
5.0706275298 0.583873512569
4.7789432019 0.763449558819
4.75402744487 0.813351308295
4.89952639988 0.74058186829
4.86442173825 0.58223765572
4.92226220415 0.375780781506
4.97028172126 0.171248499436
5.06874669348 0.0510718794034
5.38376939307 -0.0685738596551
5.3652783066 -0.135968024117
5.47576440558 -0.073651345538
5.61174539968 0.10254678859
5.6135458146 0.306987378501
5.50143374127 0.518977072214
5.35618932862 0.731620958585
5.23458565647 0.859838215807
4.03675628805 0.851578490229
3.91058570725 0.837687452527
4.10174395526 0.783188519505
4.36935111392 0.746317862905
4.32422521824 0.710528448028
4.36438948242 0.706350325171
4.48070811215 0.69888357519
4.62631447989 0.732080041405
4.70253450521 0.816228003114
4.82830237345 0.881722627779
4.94332999486 0.922880774632
5.01099560565 0.959892001565
5.40080713304 1.00196281979
5.40566778533 0.970088296227
5.54378007203 0.851102008423
5.82674590558 0.622809628847
6.06007576796 0.519290760776
6.23824177505 0.465876850419
6.15513359607 0.383847546458
6.26011461152 0.320003650024
6.26141873244 0.274763342651
6.50364277036 0.285603933766
6.39959228728 0.352626808199
6.48487464331 0.401759507246
5.63569053879 0.349242348896
4.53487569086 0.0792392616232
7.12840646946 0.218915712659
7.13249986595 0.220809686817
5.63136320902 0.405197035081
5.74141575794 -0.136013758496
5.6641799501 -0.168465847772
5.96427403408 -0.149945793113
6.10033665743 -0.13740520519
5.72818085289 -0.0768424057224
5.03842735525 0.0369381035084
4.63603435656 0.101985853325
4.46670728772 0.194805715378
4.38279232663 0.250534453573
4.23503195823 0.234814140565
3.89768036514 0.11565054877
3.76825562482 -0.0466301699468
4.028587024 -0.163474679341
3.94727524586 -0.295752334493
4.08132979917 -0.414480350319
4.24805170087 -0.488448721922
4.44178567733 -0.562594850599
4.64116912766 -0.599201547207
4.94126128834 -0.444293309082
5.0027231655 -0.114163330932
5.37853086544 0.253158529895
5.54395597576 0.60488789632
5.57320288622 0.833447458739
5.93966899491 0.872458468245
6.07668711079 0.814199533468
6.09373322287 0.775438679774
6.22131116405 0.737286524054
6.3130229758 0.70831637996
6.23940283173 0.642524231175
6.16138508483 0.442713351016
6.08967361049 0.204417649312
5.85426010938 -0.0269711233596
5.45046236035 -0.169699666888
5.42576552662 -0.187691171372
5.27854350131 -0.0774709281571
5.5248460262 0.133890266718
5.52832266482 0.399212852108
5.42326943697 0.623066487545
5.22148506254 0.844596607586
5.58964906475 0.43619564903
5.61778672366 0.467765914972
5.53050920973 0.438086104343
5.18821735733 0.420190607103
5.14666757607 0.453654366573
4.9898943324 0.538884808244
4.74410913642 0.624661668077
4.76407017117 0.741673652394
4.52318898819 0.861304884068
4.46570420802 0.951653544778
4.30769680807 1.01328263397
4.11378608472 1.03330529658
3.88352493748 0.981518272035
3.91486511307 0.892272881785
3.92592275244 0.77505298353
3.9909250875 0.660608829632
4.00139705005 0.548358478353
4.11354581446 0.427484063687
4.17471145433 0.332481957585
4.20936713593 0.194894137995
4.29668657423 0.0818013429454
4.22867351261 -0.0122145090694
4.16429973334 -0.100763832143
4.27847027874 -0.155869507098
4.45339854192 -0.201474683198
4.4555369972 -0.199184253845
4.62972285232 -0.17007978419
4.45768372301 -0.11306310353
4.80451935943 -0.0455641228395
4.94164732568 0.0334518220924
5.08488912395 0.0727069112062
5.21185158837 0.0313283745128
5.35500544369 -0.0122740391064
5.1746321483 -0.0268343358226
5.19409110158 -0.0231449668154
5.05742618545 -0.0132153535124
4.81142811014 -0.0794439296786
4.5130155575 -0.201802648148
3.8992715724 -0.307008928534
3.56679987456 -0.299103567304
3.32389235993 -0.149924758459
3.64152273503 0.0124121228857
4.22066382976 0.181289877488
4.77219368261 0.27778002666
5.10012473629 0.287534751177
5.14500507764 0.207715387854
5.14464491613 0.196517106433
5.10568961053 0.124373702593
5.01302200538 0.0200837745481
5.10891025138 -0.0927720599487
5.07040946996 -0.132641323889
4.89370799226 -0.225663486139
5.05460477462 -0.300651629517
4.89011165177 -0.334548865037
4.72160672709 -0.281506597274
4.55670427602 -0.14959342885
4.38449884685 0.028410837085
4.38623472744 0.141288486689
4.41671750565 0.23020460631
4.31483793153 0.287450760965
4.2473537713 0.343653983951
4.29293354803 0.35751854243
4.41527475999 0.304385855853
4.62556489903 0.230000096533
4.61054469904 0.200215608356
4.72938052892 0.243423093848
4.73085584294 0.30935454686
4.85379874655 0.363843559508
4.73531145856 0.440365100025
4.63906756936 0.521442763268
4.42741231919 0.602887018029
4.23021625751 0.656956077487
4.14828462321 0.73309824506
4.00843011805 0.763158954517
4.07439537236 0.769929855553
4.06195730811 0.76793633841
4.70712631898 0.755684804133
4.86893145231 0.766901495819
5.01844594045 0.775395159152
5.21610675071 0.809131391312
5.13856065495 0.884413968936
5.35108853098 0.910304440445
5.36625557711 0.948516728602
5.56500279443 0.974961474351
5.67735999609 0.975987401382
5.82895338615 0.964360637866
6.01836667655 0.91749643481
5.91922516931 0.853416576529
6.00133120282 0.797110743107
5.97152304642 0.738659608506
5.9257665215 0.659920244126
5.73601743875 0.600879341931
5.56728040253 0.592116321475
5.4082775017 0.552228965143
5.27854258801 0.509738525294
5.14183842877 0.517402662723
5.21808731847 0.535514701567
5.00588098245 0.548293898614
5.06056263854 0.541661430205
5.08741138047 0.521314807208
5.11930863071 0.469004464191
5.10450860794 0.392204511631
5.02936831519 0.271732035167
4.78699973129 0.204813527002
4.70435155588 0.147497264485
4.76248720791 0.0616190988961
4.84623506611 0.0179342402457
4.98594611147 -0.027197212529
5.170130435 -0.108763466787
5.36262660535 -0.157781982636
5.55964192228 -0.166722514691
5.5796714538 -0.15282189145
5.78288556316 -0.139762718172
5.81197417553 -0.0403663403277
5.87944858181 0.000222455814604
5.92078148073 0.0198586215062
5.89680719007 0.0271955669086
5.78674466072 -0.0854735690142
5.59182542281 -1.21166040081
5.266942002 -0.5880600054
4.94620028876 -0.491860521853
4.6192949744 0.543823691521
4.538676672 0.00540462566397
4.61434813672 1.08146871231
4.69663393191 0.389884458702
4.87345103694 -0.78439213531
5.06749500494 -0.303609722843
5.11414729207 -0.453490232135
5.2483650027 -0.537966447865
5.1392335736 -0.40316034294
5.27691489761 -0.151093959451
5.38646639743 0.101235680769
5.23495143768 0.285032028918
5.12112941907 0.433934995771
5.23181553958 0.485622497687
5.32030141967 0.505387253582
5.44148317787 0.516916889651
5.39647542818 0.515319524762
5.38139608911 0.459483767224
5.29353786389 0.345498510629
5.23407007193 0.193364642454
5.32627383409 0.0116648716117
5.32742983808 -0.173305023894
5.44390038502 -0.357410403928
5.3835385438 -0.49741432305
5.54400600405 -0.552722745581
5.60993063689 -0.470605442352
5.74095635542 -0.292860056252
6.06382525331 -0.0835725889683
6.07064859912 0.1033353324
6.23706071172 0.274158195368
5.91488649842 0.495404675708
5.64138561672 0.633224893692
5.2720096135 0.688810994179
5.13912833459 0.717045200413
4.80394628777 0.737263958362
4.74152046284 0.739617559734
4.48543232254 0.693153306365
4.2525628412 0.622572767716
4.22762353009 0.59259810918
4.21036385066 0.632051126326
4.29670096662 0.641235828989
4.33532146202 0.69236487652
4.08093414989 0.79213466096
3.87943897692 0.866729150109
3.90940364035 0.91547584371
4.05048429342 0.906637516597
3.9680085743 0.882838615947
3.98039293571 0.821378595362
4.24613976726 0.808983114169
4.23375391675 0.749783105719
4.24778002102 0.726388118344
4.27627359237 0.681533677431
4.17707617576 0.659635404494
4.22724877169 0.664341142003
4.29307350847 0.716009268642
4.29395986063 0.75321226073
4.15021180289 0.784578095263
4.24549307002 0.828955709043
4.15028787266 0.86867268359
4.24866095159 0.890268617029
4.21383370848 0.90236355613
4.24921639675 0.881320640031
4.19442808294 0.791939618401
4.21709881175 0.690352167826
4.17577268382 0.5679030022
4.11592894625 0.493242653243
4.36201460516 0.387840163282
4.28079025707 0.302697895217
4.17709094593 0.208884178352
4.13173144007 0.128115929958
4.22661399071 0.0763815322186
4.27909323608 0.0518397290481
4.36412973027 0.0142714156947
4.48062659758 -0.0150607536889
4.4822322827 -0.0312657726947
4.46024568604 -0.0386983962005
4.80800095097 -0.00847832929212
4.63037662085 0.0281296046007
4.61591866574 0.0102158794995
4.79827397863 -0.00879527837457
4.99399614597 0.0431393227261
4.84926595074 0.0903688101908
4.90506732432 1.03170308239
4.85897805448 0.263517688393
4.8039975069 -0.849487368896
4.61732683841 -1.12128920162
4.38501448491 -0.39390536282
3.64711923733 -0.400328521472
3.50179043113 0.606370772215
3.5000467735 -0.00246373450887
4.0238946329 -0.0212291020629
4.17396768514 -0.044091235761
4.13860962072 -0.15773777291
4.00169572764 -0.246617002798
3.86730731245 -0.262863823801
3.8590647 -0.255544723592
3.73934957791 -0.25149550297
3.75655156585 -0.205885917438
3.89256182264 -0.119479699284
3.84394410117 0.0639597741665
4.06067304933 0.223990842297
4.19203935881 0.297128077949
4.22871771185 0.358631156699
4.39511752653 0.411877802591
4.72584113098 0.445137167925
5.20700681899 0.397964592739
5.42245284447 0.262733871312
5.48178670558 0.0928915779634
5.72322778712 -0.0688824111904
5.60486867078 -0.187441816713
5.60288164996 -0.239025251216
5.48443503827 -0.238203313667
5.36815163011 -0.216319333065
5.36675686903 -0.158567280585
5.25574703695 0.00667912846307
5.36536209077 0.124850739733
5.35460201735 0.227508233521
5.48124543186 0.376051507485
5.52751736979 0.517426017498
5.767373187 0.613332082398
5.99194795241 0.654156993318
6.18841980649 0.616585144489
6.19208981522 0.541041095764
6.49613345521 0.480677556865
6.63614155806 0.426702754109
6.42341041079 0.403026631569
6.42083070773 0.425808460811
6.42079922092 0.514250635132
6.5672280294 0.655949716671
6.54119636804 0.744896896933
6.49775127478 0.829874401387
6.46460801198 0.911887635312
6.47070964939 0.946511679901
6.33533260973 1.00329017329
6.49730551779 1.02126352328
6.47499977537 0.990047156094
6.3286747177 0.924821701263
6.48190988698 0.878932620493
6.21602601384 0.81380247932
6.27680316828 0.765542201992
6.25030544295 0.700364245732
6.22462061677 0.665215056761
5.97842290229 0.668434718419
5.97865234273 0.740308470812
5.88154877199 0.827565200977
5.91045597018 0.893662457762
6.09308545238 0.953989348523
6.05784346994 1.02987193483
6.0210319974 1.07418542292
5.87625656119 1.05560709605
5.74346560177 0.996995711723
5.57598376121 0.889462666707
5.70793038184 0.751686365829
5.54338296795 0.633497728634
5.44632039907 0.506390448804
5.42548744276 0.387373298169
5.36716406882 0.271027170623
5.22990071182 0.162226047993
5.22837986899 0.109979362972
5.11641067598 0.0947541597132
5.13756397226 0.0540730525306
5.1721104624 0.0265227663666
5.17260514142 0.0132609610816
5.07121260211 0.0074502979872
5.1222283968 0.0161429442006
5.101874857 0.0366410741731
5.18303105432 0.0700417696076
5.20874609988 0.0787906571767
5.14687003564 0.0675453138451
5.16375807095 0.0963146989402
5.05691453187 0.133903532525
5.01116523771 1.08948348831
4.80545131897 0.338581540827
4.66622386171 -0.798734300225
4.58624557887 -0.244136754779
4.16833845156 -1.21051081456
4.06045943856 0.489359319991
3.73046624105 -0.150417982323
3.72648420215 -0.275362842661
3.40511571488 -0.320871663482
3.24409650051 -0.302318664392
2.84438727052 -0.182294582524
2.93185018271 -0.0139255634136
4.22892751336 0.298873427574
4.97014273375 0.353370249937
5.2807217469 0.323904931604
5.4429843587 0.258040537871
5.32349575603 0.124107577564
5.14183553584 0.0646165528917
5.06034555761 0.0402846933344
4.90354693857 -0.025725152345
4.77831182739 -0.117045624232
4.64524414235 -0.220257657018
4.52172877277 -0.266769630639
4.35905638858 -0.212139243326
4.15184065116 -0.0765657863465
4.1936916999 0.055612076055
4.0877503466 0.226201514592
4.06355138373 0.363935346596
3.93682404056 0.515658293448
3.9832820434 0.594440560612
4.02948244457 0.591624122685
4.36805849376 0.555585739342
4.86483680727 0.472662905573
5.08487514085 0.300017406161
4.86151883848 0.171225871623
4.91333915837 0.0458511660393
4.97357096259 -0.0158198111325
4.70688319998 0.0570213486675
4.77770914554 0.227599676012
4.85720362951 0.421679936629
4.61825642891 0.685077543348
4.63334786585 0.953072864729
4.80621561095 1.10427267894
5.02714801937 1.17075497109
5.16990865889 1.17523719478
5.44493949347 1.15785380374
5.7193095732 1.05067122312
5.82907135188 0.970188517515
5.62007034549 0.938023807717
5.74783730002 0.85044872329
5.72628131114 0.769398127786
5.61477166439 0.697945439432
5.39314653505 0.634750236931
5.18662735857 0.595567329311
4.94646719898 0.622645781342
4.99599084831 0.672211562115
4.99666721824 0.668412012391
4.98355233447 0.667708596643
5.13608307074 0.662239488743
5.13794946804 0.711528711955
5.06864692389 0.76299338034
5.16159199586 0.835048814282
5.26658596387 0.905487264079
5.34022987278 0.947962980956
5.11294299993 1.01229698122
5.05665697022 1.03509938767
4.92062863915 0.994450884138
4.89290126891 0.9057870998
4.98178384928 0.788652056703
4.94344924098 0.632928193665
4.87457457029 0.468145712638
4.85525355843 0.270438987164
4.86506172704 0.11235121571
4.75141388189 -0.00924803184758
4.77882125672 -0.0787160363339
4.77923438426 -0.0828885250135
4.67531265535 -0.0398200909333
4.67406761709 0.0184885601069
4.57387284316 0.0374305016655
4.47649633803 0.0245418576626
4.53813384838 0.0715560338297
4.53751759915 0.0787134475201
4.46597955195 0.0831862851398
4.5675730747 0.0945718252041
4.45679123974 0.109500086511
4.54392734914 0.165491968649
4.46069442336 1.11958296342
4.25189156844 -0.52781816125
4.14904002907 0.0668438706734
4.16264068625 -0.0343720094186
3.8095237067 -0.245164829992
3.58285415572 -0.346875891386
3.43134509881 -0.351280511233
3.53027742163 -0.269189889012
3.53151554234 -0.135721863251
3.63718255622 0.0213414674411
3.85597741441 0.151884454896
3.75782026706 0.255154356828
3.9075913551 0.27558771339
4.08400167641 0.250543943993
4.08220636048 0.163411515111
4.21603045355 0.0834689845821
4.2176828915 -0.0167414087004
4.24951942125 -0.195486783003
4.085083057 -0.316969486992
4.06235727549 -0.356308567254
4.21595208559 -0.227587900756
4.38033624338 0.0616032024525
4.71538830818 0.419225439057
5.08201229762 0.559799686554
5.21689999521 0.582396157664
5.51618415873 0.600152623084
5.56649820631 0.481997435658
5.61253289249 0.367714962739
5.60325500366 0.327041279399
5.47078981903 0.261861891229
5.48282711639 0.238702825165
5.23628793783 0.171671536434
5.35254869931 0.109419545274
5.10766012909 0.124933473073
5.22687667003 0.200389761698
5.23525464028 0.385660246996
5.35306222713 0.673859584871
5.10760484281 0.944579016573
4.89035416083 1.11376640505
4.69897403675 1.2226744491
4.51077692044 1.29371941699
4.45917716273 1.24758761948
4.44325125537 1.188384823
4.40687679102 1.15380926026
4.46374351678 1.08555953386
4.62621287537 0.986906028789
4.63739390645 0.942400755631
4.72922972854 0.872404166171
4.8721111306 0.821645056631
5.04028360479 0.735083808708
5.08729169614 0.632715206255
4.9452527559 0.54727023184
4.9435287669 0.495002577883
4.94350762834 0.496619102647
4.90295181839 0.555588102779
4.94294021201 0.623073785213
4.94350019093 0.71133006266
4.94350696576 0.83481561463
4.83113835968 0.945999985476
4.62680299944 1.00992361923
4.28168729964 1.00300144002
4.04739067902 0.936401185265
3.98455613135 0.874212081114
3.83663849581 0.747523439487
3.93390346409 0.586828071258
3.98453445808 0.433692977309
3.98498439084 0.285685773206
3.92700819838 0.146029232793
3.89075806581 0.0578272620087
3.80664706854 -0.0143706601078
3.80565700289 -0.0653018708388
3.80564500193 -0.0862979055685
3.80564493378 -0.121261933474
3.73484209986 -0.128002874458
3.88863656325 -0.0794954848498
3.7359319331 -0.0309771938281
3.73408462057 0.0238035821011
3.80468165652 0.0623551170871
3.96590258895 0.121346381662
3.76049907406 0.205680099783
3.82763106308 1.16003032092
3.54742661058 0.407160130596
3.32572579547 -0.707784398199
3.18054001303 -0.15633288561
2.64053683508 -0.233592105849
2.14582213142 -0.291522644437
2.0935660762 -0.219477382233
1.96702570743 -0.0218846323285
2.42973650171 0.249926092145
2.92633403185 0.452664134957
3.23235589236 0.416354756522
3.45521275902 0.276448059728
3.86413174088 0.177029423026
3.72735056904 0.119443523097
3.71245606572 0.0499235985442
3.77969926339 -0.0605426012723
3.82082306359 -0.196659878865
3.55164585394 -0.311177882788
3.54848893408 -0.420755768178
3.39067225091 -0.50531466691
3.12566609543 -0.546421944486
2.87389129085 -0.544965969728
2.86545263416 -0.461573091534
2.75382552404 -0.238920927178
2.59029659393 -0.0393301609347
2.55549323197 0.123951762544
2.52832170375 0.363327924621
2.63144983618 0.611271914941
3.0687061655 0.675173273723
3.36074184692 0.733987235966
3.97243583315 0.723189118518
4.3917484407 0.733241069752
4.80340204773 0.692819264673
5.26187583729 0.590027008309
5.39491742258 0.411352152003
5.5776917764 0.250078336256
5.42222891591 0.167219375637
5.44874345391 0.127403598091
5.52060494503 0.212973799077
5.61221724537 0.431918769853
5.96239224209 0.681503025888
6.14184517201 0.844923593327
6.41723316169 0.926157864907
6.63339166983 0.995356120091
6.65491796863 1.01816806463
6.72213153389 1.020601869
6.67853146831 1.05151608376
6.38840706513 1.00374104521
6.17392278688 0.974372596513
6.17007891005 0.895851478129
6.11536954366 0.772593715408
6.22308352451 0.685144535984
6.10925132105 0.626174509131
5.99389392936 0.556750781011
5.7491369739 0.536038102647
5.63665714973 0.564022497834
5.63530861211 0.59255266806
5.52969238127 0.652616006769
5.66627754866 0.772286402241
5.38426117864 0.888429699096
5.36679422184 0.984083164643
5.22674589674 1.02174077461
5.17649223364 1.01202991657
5.07073685463 0.956799243308
5.05662591517 0.891945940219
4.81083665676 0.802881170426
4.89211117869 0.687625520229
4.83008774781 0.589865526865
4.70502592064 0.461862954223
4.87159217978 0.360901589707
4.73241856409 0.251214626547
4.73376340458 0.132055825399
4.61677445268 0.0739749769248
4.50143285148 0.0744452302092
4.52916962748 0.0621411193279
4.32662833113 0.0129420589043
4.47349050485 -0.0243479080207
4.38338838075 -0.0601984994496
4.53706375234 0.0575528242873
4.69570680553 0.18772674815
4.61626235055 0.162892606798
4.77662432963 0.0778777270398
4.63535116348 0.067113981304
4.73964341537 0.0482515778732
4.8077909646 0.0329778014754
4.76479559783 0.0158424960722
4.54785351945 0.0534420267304
4.30270865903 0.0395487654269
3.89685177602 0.0221676677177
3.88115685968 0.0100913892039
3.51642699763 -0.0101550614952
3.14787733561 -0.120289528432
2.59718521401 -0.216557006654
2.04478956743 -0.255794889006
1.87880825977 -0.244972969371
2.23669787699 -0.100586052399
2.53970492802 0.0960828962713
3.23860515823 0.252677637899
3.72760914091 0.601985425746
4.4899706816 0.704675658528
4.62561647116 0.567011393038
4.90591490985 0.477609402102
4.94142802544 0.399571780651
4.88803779787 0.337651883077
4.94220458158 0.203101865688
4.89347108959 0.0323154033175
4.8452427776 -0.109919241514
4.53350312507 -0.269901362752
4.37525720618 -0.382981926258
4.15136107522 -0.484151301615
3.82505002377 -0.508601194003
3.75004573105 -0.584615877718
3.54675038412 -0.492997788457
3.55817895762 -0.31789111705
3.41794472753 -0.0495101361306
3.22607728421 0.216678078199
3.20256405303 0.401452882659
2.9608091356 0.548113501731
3.21960877447 0.647623108926
3.48137932519 0.732501892641
3.88406234966 0.747270642925
4.45769789644 0.743909824713
4.80396742442 0.712115015881
5.23229830615 0.636966619188
5.36309847064 0.47618835671
5.53941705838 0.337948060112
5.7312266469 0.168412020236
5.56412667535 0.0807699634121
5.42196075766 0.0846788780815
5.4487393632 0.16887684213
5.34389561309 0.361832684011
5.38720199582 0.588395287259
5.51992624078 0.77856896157
5.42128983482 0.958812426347
5.36542864331 1.10928399931
5.54656990743 1.14912577569
5.69788133742 1.16820574592
5.89394356509 1.1428154512
6.04926068324 1.00369065995
5.98274414127 0.882687862931
6.09850999296 0.745480523268
6.12553558873 0.644517821574
6.15393855013 0.572694167627
5.81323180936 0.565941960604
5.80912452015 0.586422750577
5.94985519138 0.601783577474
5.6221330921 0.631304303285
5.76363950499 0.730568217728
5.68001340821 0.815262086439
5.74919272856 0.892016526457
5.67638431494 0.948680867286
5.80320696445 0.994364380759
5.87372987863 1.01459478678
5.94422876588 0.996229508451
5.89937627436 0.95673002855
5.92470305515 0.874792916744
5.71242454344 0.792179787726
5.70077120157 0.683530037987
5.74914952151 0.568398356017
5.61948593855 0.431004118093
5.39291493262 0.339554558844
5.23720097629 0.261218201201
5.10609278605 0.197316822715
5.11500180602 0.145509096583
5.02979758597 0.133627452684
5.06941665805 0.127421876763
5.03088863411 0.113100293125
5.26000460449 0.117718903389
5.11130696388 0.0917094138338
5.20798094753 0.0504983828872
5.21048873427 0.0540261850369
5.38560262796 0.0658701219427
5.30361672879 0.101436772661
5.23871090942 0.169682027938
5.21384822425 0.256260298594
5.1727493678 1.20900009965
5.18037366646 0.406702210381
5.08727362553 -0.708596552431
5.03480020988 -0.149743276159
4.8725868527 -0.232928832616
4.61831325997 -0.324519173215
4.37619292216 -0.319546547324
4.29877235198 -0.270820860487
4.37226975436 -0.207214759955
4.29476844404 -0.0934374458269
4.38120807987 0.0626909446443
4.57022334118 0.267482914539
4.61428833915 0.441660369596
4.49527996359 0.589010889945
4.597609238 0.678484466188
4.80502069676 0.583314453044
4.88596096808 0.316757525027
5.13613119493 0.026686272266
5.10633318565 -0.312132624275
4.94723109896 -0.608721895465
4.64704850261 -0.782279918313
4.73246417064 -0.847850299527
4.75058534002 -0.753664924665
5.05174162581 -0.525711433402
5.06722904382 -0.163607441658
5.13708073875 0.245348455701
5.00501078335 0.502381559931
4.9741639246 0.594590476101
4.88806847454 0.588664616768
4.80881192562 0.619700793265
4.68752073327 0.626614013024
4.79804599929 0.650728319955
4.97656185026 0.680780816719
5.13545888136 0.709165512154
5.27463558656 0.699592443265
5.42352240255 0.634841462637
5.44504100279 0.54936927544
5.49148028114 0.437768223186
5.61192431733 0.36662848853
5.43975539377 0.323006973169
5.43765860061 0.345711118193
5.43763297735 0.374961599448
5.43763262045 0.44422323391
5.2645360608 0.626353897627
5.16541193637 0.802889731425
5.08753807553 0.94879550762
5.17907335875 1.07935038787
5.19343933817 1.11390125532
5.12315941151 1.12371236421
5.20731802421 1.06193856592
5.18693773447 0.970639849357
5.07111681972 0.874288160702
5.11418318671 0.785099905826
5.10610425753 0.727664978259
5.1199614489 0.708850511237
5.1202072546 0.663322739005
5.04326612968 0.657574740043
5.14494874376 0.669705113866
5.18364086881 0.717239068334
5.23314508904 0.801093738755
5.29399683997 0.908284868882
5.36581757548 0.939576080035
5.53940934965 0.945930233191
5.38423961238 0.96429835465
5.63507278712 0.966232882881
5.40882833833 0.933719965537
5.56025662146 0.899311680822
5.27990042281 0.836303771963
5.17762410582 0.717694458642
5.32056619558 0.690998251424
5.13993906865 0.660419991572
4.99813796363 0.588281396361
4.66338726261 0.435693841559
4.2529856477 0.195492864211
3.49124298879 -0.573893298361
3.83900494442 -0.665247739622
4.39970294224 -0.470028761467
4.77179874846 -0.067532789702
5.06624977648 0.363117523068
4.73799384807 0.519563835297
4.28343489867 0.54373066487
3.98868984646 0.551430487395
3.50119600145 0.37739790172
3.23306302057 0.186689463384
3.07406971563 0.140530000717
2.79936383301 0.112776708918
2.63598509817 0.0889013925737
2.47461733799 0.0541135588005
2.42443613283 0.0479945998524
2.42390235854 0.0626050228905
2.22450398134 0.0866497853284
2.25961006181 0.106555449495
2.22247271772 0.11929819512
2.22210609336 0.129207058039
2.05810445519 0.128118570108
2.22009907376 0.146891514011
2.1991345044 0.174375889436
2.03310886358 0.224299031463
2.05570339197 0.247682162499
2.03126304237 0.25109371534
2.03106177893 0.22684601437
1.89208910126 0.208401431016
2.0540792233 0.189312821967
1.8925027786 0.166552596885
1.9344469266 0.152946169691
1.77616652424 0.150215674144
1.68810278313 0.156674470284
1.68722596115 0.162685139037
1.3954493455 0.144034055979
1.49677565006 0.119250700274
1.49810633772 0.0967031052542
1.25278360266 0.0299100978605
1.39018468012 -0.29347586688
1.74555665081 -0.598099258772
2.36264856044 -1.13760107803
2.85923874186 -1.88667624157
3.23834636647 2.6938922868
3.31104289652 2.84417375035
3.6061808014 2.67037203554
4.18685275232 2.73743743413
4.83969342975 3.04535997309
5.30032357776 -2.92293623678
5.72787149022 -3.06914436754
6.25403264413 -2.99820218821
6.85708233244 -2.7330930887
7.41050536749 -2.64999165581
7.81473695048 -2.79826547224
8.24942271451 -1.6874912291
8.75929209789 -2.35135286411
9.20594716363 -2.73009828883
9.76835421057 2.42937226854
10.5272596364 -2.1667619152
11.2848631461 -2.77785035854
11.7383516108 2.24993260128
12.3018883762 2.29775924214
12.7219566585 1.44326779759
13.1280154176 0.586223598606
12.881123372 -0.150745359248
12.0747781978 -0.329671691221
11.184707963 -0.0731420291831
10.2155558961 -0.0544975391312
9.33423523808 -0.319356046378
8.37468962777 -0.231289804408
7.41990874719 -0.10976987413
6.43192240933 -0.159717642463
5.49308314813 -0.246309586215
4.53654355111 -0.582124587374
4.0370923385 -0.580435904787
3.5639213724 -0.492984214283
3.41654046441 -0.473815221264
3.45201261022 -0.484434705186
3.69324642571 -0.500145613895
4.02976907453 -0.503928493731
4.11428565204 -0.52818236588
4.47947891198 -0.564367050432
4.63593775425 -0.621522307037
4.77747159245 -0.62941393985
4.82063985932 -0.630267175732
4.72418498484 -0.669000510047
4.14328015012 -0.793161414462
3.73904742268 -0.867028020341
3.33781200567 -0.920587791385
3.08896495305 -0.955830736953
2.84249558673 -0.965891887596
2.68708731618 -0.994341263233
2.59479248088 -0.999386384687
2.59371250159 -0.975377018166
2.593699327 -0.954880242536
2.59369916631 -0.947119598006
2.59369916435 -0.899626902792
2.59369916433 -0.882412056836
2.59369916433 -0.922236016403
2.43974401479 -0.998108643656
2.43789044419 -1.07998604522
